1.9383
0.2436
0.2417
0.3421
0.0406
0.2324
0.3192
0.2655
0.8437
0.4601
0.7091
0.6555
0.0098
0.2906
0.0465
0.4304
0.8223
0.4076
1.2141
0.7034
0.8979
0.1699
0.8094
0.1687
0.1742
0.7373
0.5789
0.9949
0.1059
0.1467
0.3949
0.9964
1.2455
0.3284
1.0742
0.0452
0.5572
0.4184
0.6379
1.0014
0.6867
0.1513
0.2813
0.6241
0.1195
0.0081
0.0886
0.0871
0.0193
0.7042
0.0876
1.3482
0.0929
0.7046
0.6781
0.0744
0.4690
0.3941
0.1283
0.4658
0.0055
0.1295
0.4449
0.0219
0.9292
0.0728
0.0708
0.0871
0.5016
0.1219
1.3819
0.2777
0.1968
0.0353
0.2525
0.4650
0.1807
0.0095
0.4545
0.6588
0.0434
0.0877
0.9045
0.5757
0.1263
0.6939
0.0291
0.0020
0.3243
1.0201
0.3237
0.0727
0.6425
0.7316
0.1119
0.6279
0.6015
0.7547
0.0455
0.0492
0.0404
0.1265
0.5390
0.6496
1.1739
0.1188
0.2079
0.4660
1.4567
0.6639
0.7648
0.2323
1.6166
1.7584
0.4565
0.1626
0.2887
0.1062
0.1351
0.5341
0.8914
0.1113
0.1956
0.0204
0.8330
0.5657
0.1266
0.4566
0.4337
0.2340
0.0590
0.0243
0.7496
0.3707
0.2037
0.5725
2.5621
0.2648
0.2166
0.5939
0.2997
0.3292
0.0094
0.2869
0.9297
1.2119
0.3616
0.7220
1.2369
0.0148
0.5724
0.0808
0.7147
0.3664
0.0314
0.5869
0.2662
0.7758
0.2632
0.5899
0.6679
0.2667
1.8415
1.6336
0.0862
0.0429
0.1880
0.3311
0.1509
1.2514
1.3078
0.5013
0.7699
0.4707
0.3527
0.4187
0.0333
0.1394
0.0296
1.8325
0.2643
0.1409
0.5960
0.8512
0.3545
0.2128
0.2451
0.1367
0.1957
1.6766
0.2668
0.1626
0.4331
1.2794
0.9615
0.4091
0.1833
1.1358
0.9627
0.4715
0.3736
0.3619
1.7329
1.6408
0.4258
0.3443
0.2195
0.5767
0.0570
0.7058
0.0559
0.3682
0.2043
0.9594
0.3386
0.1632
0.3215
0.6533
0.2633
0.4810
2.7172
0.0549
0.8030
1.2344
0.5572
0.3055
0.2005
0.2088
1.6453
2.7765
0.0646
0.8510
0.7352
0.3625
0.7710
0.0033
0.0491
0.4072
0.4366
2.3417
0.4798
0.7386
1.4517
0.8003
0.7115
1.1342
0.1027
0.2803
0.1222
0.1416
0.5086
0.3894
0.3837
0.0708
0.0181
0.2978
0.6644
0.0551
0.2497
0.4509
0.3698
0.2897
0.1024
0.0778
0.0680
0.7239
0.0493
1.0211
0.1657
0.1311
0.0578
1.7508
0.2481
0.0769
0.1555
1.9710
0.2605
0.2997
0.8085
0.2977
0.2976
0.0046
2.4625
0.3508
0.6159
0.0036
0.3442
0.0011
0.5202
0.3293
0.2869
0.2412
0.0203
0.1921
0.0116
1.1993
1.0967
0.5093
0.0067
0.2894
0.6565
2.4459
0.7227
0.2443
0.2437
0.1458
0.0932
0.0124
0.5362
0.4876
0.1568
0.7976
0.0198
0.5380
0.7971
0.7659
1.3525
0.6352
0.3146
1.9870
0.2897
0.6758
0.1520
0.4037
0.1262
0.7051
0.3641
0.6257
0.3482
0.0232
0.0376
0.2402
0.5831
0.2135
0.1658
0.1691
0.6229
0.0090
0.0858
0.5508
0.4010
0.3999
0.2767
0.1218
0.0067
0.2303
0.7610
0.2880
0.1691
0.1705
0.0703
0.0376
0.1813
0.4122
0.0400
0.6661
0.2882
1.1726
0.3058
0.2902
0.4225
0.2746
0.1145
0.0782
0.0305
0.8924
0.1811
3.3065
0.5087
1.0770
0.0757
0.2799
0.7591
0.2581
0.0057
0.6516
0.4037
0.9281
0.0439
0.1822
0.3488
0.7305
0.4391
0.1399
0.4406
0.0845
0.3410
0.2067
0.6132
1.4841
0.3877
0.1451
0.9650
0.6755
0.6937
1.5973
0.2586
0.0071
0.2361
0.0697
0.4440
0.8834
0.2855
0.4680
0.5948
0.2398
0.5648
0.5076
3.3542
0.1918
0.1419
0.0033
1.7203
0.1371
0.8771
0.6840
0.7726
0.1550
0.3821
0.4016
0.6133
0.0556
0.2269
0.4493
0.1582
0.3482
0.3040
0.9017
1.4024
0.3387
1.5285
0.4234
0.0769
0.2250
0.7228
0.1686
0.1798
0.6291
1.8748
0.3769
0.9233
0.4111
0.1244
1.4355
0.6534
0.8548
0.7244
0.0564
0.4169
0.0928
0.4876
0.2142
0.7401
0.4858
0.2913
0.1050
1.1122
0.6675
0.3204
0.4170
0.3876
1.1333
0.2499
0.3398
0.0191
0.3710
0.1490
0.1975
0.1521
0.5552
0.2322
0.1573
0.6638
1.0109
0.2226
0.1772
0.3345
0.5267
0.1190
0.0753
0.6679
0.5542
0.4484
0.3279
1.1237
0.7477
0.1017
0.0248
1.4573
0.0053
0.2245
0.6435
0.6607
1.0957
1.6557
0.2142
0.0906
1.0821
0.2991
0.2328
1.1268
0.3877
0.1301
0.0035
0.3306
0.0358
0.2778
0.0183
0.4592
1.2241
1.0855
1.3902
0.1588
0.0556
0.5710
0.3308
0.6349
1.0523
1.2202
0.3065
0.8514
0.2703
0.0453
0.5461
0.6131
0.0874
0.9023
1.0219
0.4298
0.3983
0.1668
0.9446
0.0962
0.5219
0.8666
0.0929
0.0266
0.3730
0.4450
1.1569
0.0431
0.8412
0.2662
1.0407
0.1767
0.2107
0.3813
0.5591
0.3990
0.1569
0.9649
2.2351
0.0253
0.4388
0.0096
0.3707
0.1796
0.2870
0.0458
0.0386
0.3227
0.0811
0.0560
1.6400
0.6615
0.2173
0.2031
0.3154
0.4089
0.0692
0.2749
0.2730
0.4620
0.4488
0.1956
0.4672
0.0513
0.7694
0.1125
0.0786
0.2120
0.1942
0.0771
0.3368
0.2060
0.5512
1.3778
0.1231
0.0084
0.3196
0.6094
0.1479
0.1267
0.9566
0.5562
0.6028
0.9762
0.0211
0.9380
1.1183
0.1640
0.1804
1.1916
1.1649
0.3355
0.3663
0.0292
0.0366
0.0590
0.2237
0.0764
0.7550
0.6400
0.2893
0.8478
0.0499
0.3848
0.2212
0.0116
0.2963
0.0031
0.0275
0.4301
2.4861
0.2073
0.2181
0.0753
0.8916
0.3385
0.0717
0.2191
0.6337
0.5204
0.0004
0.2818
0.2863
0.6406
1.1353
1.5572
0.3303
1.3657
0.3796
0.1229
0.1329
1.5051
0.0290
0.8606
0.1220
0.5345
1.0308
1.0138
0.5853
0.0423
3.1038
0.3488
0.0778
0.3430
1.0633
0.0409
1.1862
0.1339
0.0415
0.7063
0.3440
0.1427
0.6168
0.7692
1.1077
1.4296
0.0299
0.1578
0.2116
0.1931
0.1731
0.6019
1.4886
1.6059
0.5098
0.0043
0.3985
0.9956
1.6762
0.3167
0.1163
0.6159
0.0840
0.1015
0.9448
0.3724
0.1075
0.3084
0.1480
0.2104
0.2240
0.9716
0.0338
0.8817
0.2930
0.0936
1.2580
0.2944
0.2291
0.0862
0.2862
0.0970
0.0915
0.1530
0.0801
0.2027
0.5779
0.0736
0.0358
0.3267
1.2428
0.1294
0.0215
0.0056
0.2583
0.1313
0.3761
0.2656
0.4357
0.5454
2.4839
0.6541
0.3377
0.2285
0.3871
0.1699
0.6994
0.1070
1.5367
0.0996
0.1250
0.5721
0.8510
0.4191
0.1191
2.3706
0.8966
0.1868
0.6413
1.0220
0.0169
2.0765
0.3900
1.5364
0.0088
0.7326
0.5336
0.0870
1.0850
0.1785
1.0084
0.3225
0.0054
1.6380
0.0069
1.1717
0.1896
0.5758
0.6311
0.9947
0.1169
0.7080
0.0234
0.8280
0.8966
0.6272
0.0069
0.2322
0.7802
0.7853
0.1867
0.7566
1.9480
0.0061
0.1021
0.9875
0.6700
0.2705
0.9650
0.2491
1.1718
0.3351
0.2572
0.0448
2.0903
0.1546
0.3508
2.4221
0.0386
0.1300
1.4567
0.4588
0.5682
0.2890
0.1782
0.2692
0.0570
2.6801
0.5869
0.1777
0.4372
0.1980
0.0221
0.2091
0.6514
0.2187
0.6401
0.4243
0.4460
0.0255
1.8219
0.1486
0.9422
0.2829
0.0370
0.0489
0.2318
0.3691
0.4216
0.0315
0.7467
0.1732
0.4351
0.1301
0.0765
0.0787
0.3198
0.1675
0.3946
1.4286
1.1183
0.0389
0.4098
0.0673
0.3876
1.4002
0.2388
1.5925
0.4119
0.0603
0.6748
0.2663
0.0091
2.2338
0.1534
0.6791
0.1710
0.3483
0.2615
0.1558
0.9410
0.2962
0.5398
0.2562
0.1757
1.9487
0.0840
0.3025
0.0443
0.0538
0.2035
0.1414
0.8088
0.2608
0.9404
0.0279
0.3027
0.9890
0.1900
1.3203
0.5123
1.2618
0.0744
1.2150
0.0121
0.6502
1.9510
0.1044
0.0018
0.6400
0.0595
0.5964
0.0039
0.2490
0.1449
0.1342
0.1753
0.3359
0.0293
0.4537
0.5836
0.3100
1.4201
0.6979
0.0687
0.2613
0.2206
0.5024
0.3193
0.1816
0.1121
0.3717
0.2823
0.8884
0.3593
0.4677
0.0305
0.3684
0.0546
0.5906
0.5877
0.4225
0.1684
0.5375
0.6931
0.0234
0.2180
0.5029
0.1890
0.8066
1.7314
0.3099
1.0104
1.0027
0.0620
0.3109
0.0620
0.4539
0.7521
0.0217
0.1849
0.2308
1.9195
0.0886
1.3546
0.0487
0.2348
0.1222
0.1259
0.1952
0.0127
0.2055
0.2243
0.1574
0.3564
0.5393
0.8207
0.3102
0.0261
0.4481
0.4844
0.2262
0.7843
0.4529
0.1342
0.6334
1.1043
0.3848
0.3896
1.1565
0.4368
0.0608
0.6238
0.0338
1.0390
0.2680
0.5692
0.2221
0.0085
0.0600
0.5167
2.4709
0.2688
0.2206
0.4043
0.2989
0.0790
0.9930
1.4027
0.4619
0.6194
0.1498
0.0054
0.0175
0.1171
0.1112
0.2886
0.2029
0.4264
0.1700
0.6156
0.5288
0.0122
0.2080
0.3096
0.1824
0.2529
0.0054
0.6620
0.5806
0.3592
0.1972
0.3323
0.1755
0.1294
0.0784
0.2092
0.0787
0.2070
0.0448
1.4407
0.2043
1.9472
1.4251
0.8440
0.0386
0.5761
0.0698
0.0835
1.3309
0.7147
0.1043
0.3028
0.4460
0.0737
1.0073
0.2274
1.2098
0.2026
0.9003
0.5873
0.3912
0.6298
0.3892
1.3992
1.1766
0.5945
0.1447
0.1976
0.8010
0.0067
0.8142
0.5177
0.2837
0.7749
0.0554
1.1226
0.0821
0.3108
1.1633
0.0467
0.5018
0.1964
0.9988
0.0802
0.9763
0.6676
0.3431
0.1541
0.4689
0.6996
1.3190
0.5655
0.7985
0.1535
0.0528
0.1299
0.2537
0.2024
0.2394
0.5139
0.1483
1.0416
0.0800
1.1470
0.4290
0.2114
0.2282
0.5102
0.2083
0.4242
0.5791
2.0853
0.3220
0.2741
0.0525
0.5850
0.0038
0.2729
0.5844
0.0170
0.0158
0.0039
0.3360
0.2155
0.6525
0.4264
0.0011
0.4707
0.1502
1.3790
0.2507
1.5450
0.7443
0.2663
1.1797
0.4514
0.2157
0.0767
0.3490
1.8349
0.0654
0.8546
0.1837
0.4714
0.2487
0.3356
0.8979
0.3560
2.7460
0.4179
0.4107
0.4261
0.6328
0.6525
1.0237
1.1432
0.0103
0.9263
1.1579
0.2299
1.0633
0.4383
0.1860
0.3079
0.0059
1.1245
0.3672
0.5256
0.1430
1.5272
0.2942
0.2180
0.2423
0.7880
0.1434
0.7325
0.1300
0.1396
0.0891
0.4215
0.1032
0.2031
1.0646
0.8582
0.0610
0.8856
0.4379
0.0214
0.7190
0.0268
0.0574
0.8649
0.4090
0.5016
0.1808
1.0848
0.0181
0.2312
0.0481
0.0086
0.5538
0.8875
0.1653
0.7173
0.2710
1.0009
0.5261
0.1735
0.6661
0.5781
0.2076
0.2260
0.2148
0.5443
0.0417
0.6732
0.4260
0.3521
0.1734
0.0162
0.3003
1.6348
0.4463
0.1935
0.3432
0.6452
0.6073
0.3383
0.1919
0.5565
0.2362
0.5641
1.2505
0.0585
0.1486
0.6303
1.2953
0.1027
0.1832
0.0245
0.4217
0.0497
0.7388
1.2406
0.5397
0.1621
0.1379
0.1998
0.2168
0.1316
0.8640
0.5261
2.2930
0.0609
1.7657
0.1395
0.8154
0.7563
2.7966
0.0350
0.6743
0.2644
0.7721
0.5123
0.1147
0.2631
0.7397
0.1544
0.0049
0.5832
0.5526
1.3197
0.1732
0.0168
0.0122
0.7651
0.6045
0.5662
0.0553
0.4808
0.4764
0.7236
0.0813
0.1195
0.5796
0.8967
0.3763
0.0008
0.3440
0.0001
0.8734
1.3685
0.4409
2.0018
0.2476
1.5552
0.5223
0.4895
0.2420
2.2378
0.1018
0.0457
0.9308
0.9918
0.2343
0.2107
0.8514
0.0268
0.3097
0.0814
0.0351
0.5461
0.2824
0.0777
0.2648
0.4126
0.1479
0.1266
0.1120
0.0194
0.3448
1.0197
2.3192
1.4712
0.3961
0.4101
1.2235
0.5935
0.1581
1.3657
0.8167
2.7534
0.2287
1.0508
0.4555
0.8240
0.1047
0.0820
0.0152
0.2086
0.2045
0.7139
0.1012
0.4114
0.7575
0.5830
1.1358
0.0391
0.8589
0.0937
0.4314
0.8766
0.5040
0.0835
0.2950
0.3345
0.6395
0.0531
0.6665
1.6921
0.0019
0.8073
1.1748
1.3259
1.0708
0.2049
0.2146
0.7003
0.0096
0.9861
0.5919
0.8038
0.0665
0.2187
0.0874
0.2801
0.3919
3.4980
0.0282
0.5391
1.1885
0.2097
1.2006
1.0309
0.5143
1.1422
0.1806
0.3194
0.4758
0.2097
1.1339
1.1878
0.5733
1.6654
0.6172
1.6400
0.3094
0.3675
0.0957
0.6386
0.0265
0.0867
3.7820
0.0576
0.0179
0.4116
0.2266
0.2745
0.3571
1.5851
0.3353
0.7021
0.2988
0.1034
0.0523
0.6231
0.0881
0.2812
0.8884
0.2128
0.0720
0.8146
0.0458
0.5806
0.0252
0.2964
0.2552
0.8020
0.1376
0.1573
0.8208
0.7184
0.2400
0.0073
0.1731
0.3275
0.5720
0.7791
0.8502
0.6478
0.2364
0.6519
1.5899
0.1997
0.7774
1.3578
0.6161
1.2235
0.6719
0.2220
0.3012
0.0467
0.4567
0.7681
0.5384
0.3527
0.6994
0.4036
0.1893
0.5615
0.7202
0.1145
0.5029
1.6139
0.0039
0.5635
0.0392
0.5374
0.0434
0.1310
0.1098
0.4064
0.6822
0.7037
0.2393
1.0826
0.5545
0.4511
1.5373
0.0388
0.8825
0.4257
0.6904
0.1171
0.6570
0.2283
0.4812
0.4537
0.2146
1.0182
1.4919
0.2205
1.9288
0.6480
0.6070
0.2808
0.9097
0.5605
0.0033
1.2475
0.5484
0.9695
0.9096
0.0872
0.0647
0.7217
0.8776
0.3036
0.1416
1.6170
0.6169
0.8748
0.7804
0.1406
0.3042
0.6850
0.5399
0.2652
0.4916
0.1247
0.1768
0.1509
1.5314
0.0770
0.1394
0.0091
0.6262
0.1901
0.5764
0.8591
1.1534
0.0326
0.1523
0.2718
0.6548
0.8462
1.2739
0.7170
0.3746
0.4611
0.0400
0.4658
0.3496
0.8841
1.0982
0.8773
0.3144
0.1586
1.2726
0.4151
0.0008
0.5590
1.7123
1.0381
0.0717
0.9917
0.1916
0.0223
0.0128
0.7967
0.1546
0.1170
0.6514
0.2834
0.0590
0.3032
0.3675
0.8972
0.3140
0.0187
1.0048
0.2741
0.0675
1.0842
0.3692
0.7500
0.1763
0.0268
0.8877
1.1012
0.3048
0.1430
0.6365
0.1636
0.4988
0.0758
0.3020
1.0446
0.2329
0.3977
0.5255
0.0416
0.1167
0.1193
0.4799
1.1242
0.9723
0.1626
0.3589
0.4045
2.0026
0.0865
0.2426
0.3887
0.7263
1.3681
0.4686
0.2493
0.0491
1.3733
0.6985
0.1325
0.4748
0.5572
0.2657
0.2516
0.3167
0.7328
0.0164
0.0395
1.9480
0.0307
0.1503
0.2592
0.0216
0.3340
0.9494
0.9426
0.3999
2.1138
0.5456
0.2161
0.4597
1.9288
0.7571
0.0611
0.7428
0.5573
0.1503
0.2825
0.1522
0.7434
0.4514
0.3149
0.0786
0.8607
0.2275
0.2638
0.4191
0.6955
0.0787
1.0811
0.0645
1.0781
0.0988
0.0214
0.1154
1.7584
1.0114
0.1274
0.5240
0.3044
0.4485
0.4919
0.2263
0.4954
1.1860
0.8988
0.2025
0.7910
0.4982
0.5703
0.5934
0.0776
1.0360
0.1706
0.1204
0.3131
0.3707
0.6775
1.2541
0.2229
0.1278
0.1487
0.1014
0.0593
0.2489
0.1740
0.0224
1.0572
0.1541
0.3333
0.0085
0.2145
0.4194
0.8439
0.1214
0.3689
0.7445
1.2535
0.0175
0.7624
0.3803
1.5669
0.1040
1.1729
0.1541
1.3047
0.2435
0.0839
0.3330
0.9223
0.2733
0.0804
0.9834
0.5675
1.6116
0.4744
0.3852
0.3404
0.8187
0.6252
0.7928
0.4926
1.2818
0.0553
0.3659
0.2421
0.0040
0.2175
0.3986
0.0632
1.0347
1.1350
0.2828
0.0576
0.2942
0.1085
0.4562
0.0743
0.5008
0.1242
0.3562
0.1062
1.0605
1.5275
0.7891
0.0906
0.5257
0.0197
1.2006
0.0030
0.5216
0.1463
0.2277
0.0930
0.0223
1.4525
0.0152
0.8850
0.3454
0.0512
0.4039
0.6320
0.1465
0.0991
0.3011
0.0088
0.0391
0.2876
0.9839
0.1206
0.2039
0.7439
0.3526
0.1807
0.0033
1.1005
1.3076
0.1553
0.9843
0.8637
0.3084
0.1284
0.5012
0.4121
0.0214
0.0944
0.3090
1.0356
0.2088
0.5717
0.2176
0.0063
0.1556
0.3759
2.0622
0.3034
0.2336
0.4504
0.4523
0.2030
0.1075
1.8800
0.1623
0.6206
0.0225
0.6399
0.2708
0.2196
0.1903
0.0317
0.4601
0.0978
0.7985
0.4360
0.6558
1.9487
0.0227
0.1245
0.5451
0.5622
0.2153
0.3449
0.0756
0.5064
0.1960
1.1348
0.1631
0.1980
0.4976
0.7580
0.2783
1.0108
1.1368
0.7527
0.5272
0.6111
0.2143
0.0115
0.5087
0.0154
0.0967
0.0871
0.1729
0.0529
0.1023
0.3783
0.8455
0.0713
0.6943
0.2840
0.3957
1.2294
0.4686
1.0275
0.2065
0.7797
0.3629
0.5991
0.7115
0.1004
0.1897
0.4007
1.1426
0.1811
0.2780
0.3491
0.0287
0.1203
0.1788
0.8363
0.0512
1.0357
1.0370
0.6089
0.7076
0.2286
0.3915
0.4133
0.5539
1.3047
0.5917
0.3085
0.2645
1.3972
0.1972
0.2762
0.2000
0.4244
0.7805
0.2084
0.3019
0.1035
0.0979
1.2125
0.1401
0.1046
0.2499
0.4163
0.3407
0.3210
0.2879
0.6520
0.0702
0.0685
1.3856
0.2288
0.1286
0.3831
0.2969
0.1102
1.9671
0.3960
0.4147
0.3296
1.6527
1.0456
0.2297
0.8287
0.2586
0.2279
0.1440
0.7197
0.7922
0.1718
0.4851
1.1388
0.4653
0.2152
0.4167
1.2184
0.2364
0.3505
1.5337
0.2907
2.0069
0.1893
0.0241
0.2180
0.2063
1.4437
0.0708
2.2432
0.2092
0.3108
0.1155
0.1193
0.1912
0.5064
0.1487
0.6217
0.7057
0.9003
0.0851
0.2851
0.4893
0.1260
0.6122
0.4299
0.0151
1.1286
1.0076
0.0114
0.3674
0.0552
0.5979
0.5242
0.8017
0.1368
0.0212
0.2541
0.0721
0.6268
0.3315
0.3655
0.1467
0.2752
0.4889
1.1154
2.5520
1.2062
0.0935
0.9390
0.3354
1.2822
1.2953
0.2209
0.1037
0.3407
0.0813
0.0247
0.3170
0.1213
0.2371
1.1731
0.0801
0.9713
0.0969
0.0451
0.5060
2.1201
1.2319
0.7328
0.0336
0.6882
0.0261
0.2569
0.0662
0.3067
1.8397
0.1770
1.2496
0.0927
1.4288
1.6523
0.4700
0.9708
0.0688
0.0325
0.0737
0.2529
0.1976
0.2918
0.7686
1.9894
0.2037
0.0515
1.0983
0.0657
0.4011
0.3608
0.3046
1.2664
0.8519
0.1529
2.1287
0.6477
0.0164
0.1672
0.1533
1.0621
0.4263
0.6642
0.2739
0.5492
0.0329
0.9121
0.0165
0.0768
0.3421
0.4783
0.3796
0.0025
0.1537
1.2612
0.6770
0.0784
0.0700
0.5618
0.7527
0.0243
0.5145
0.6491
0.0670
0.5887
0.0298
0.1185
0.0864
0.0609
0.1686
0.9247
1.1183
0.1658
1.1108
0.0206
0.1401
0.2871
0.5709
0.1664
0.4322
0.4208
1.2112
0.4716
0.9081
0.0948
0.5254
0.5600
0.0061
1.4131
0.1890
0.1360
0.1489
0.4047
1.2880
0.3999
0.2705
0.1298
0.0512
0.3194
0.1451
0.0861
0.1978
0.7698
0.0735
0.3860
0.4056
0.4368
0.3776
0.1751
0.4539
0.0740
1.8385
0.1152
0.2697
0.0953
1.2916
0.3842
0.8735
1.3148
0.0958
1.0728
0.4485
1.2730
0.0962
0.2166
0.3740
0.9209
0.0067
0.6750
0.4059
0.2888
0.2077
1.0750
0.1958
0.9564
0.0133
0.8126
0.2149
0.1514
0.8869
0.9153
0.1577
0.1604
0.9607
0.2585
0.1178
1.6380
0.0368
0.3596
0.7780
1.3856
0.6243
0.7304
0.8704
0.2477
0.7679
1.2967
0.1360
0.3344
0.3445
0.6364
0.1174
0.0173
1.1680
0.0518
0.0551
0.8403
0.3460
0.3614
0.1194
0.3539
0.0539
0.2966
0.8520
0.4547
0.7026
0.7919
0.5166
0.0903
1.6162
0.1789
0.1083
2.2419
0.0097
0.5590
0.0151
0.9217
0.6871
0.3932
0.3487
0.2624
0.2265
1.3967
2.2696
0.6230
0.8834
0.2488
0.0817
0.3191
0.2556
0.2475
0.1377
0.1663
0.6173
0.1631
0.0054
0.0208
0.0659
0.1730
0.1304
0.3492
0.5751
1.0605
0.2183
0.2548
0.2469
1.5722
0.2405
0.0014
0.0688
0.1503
0.2709
0.4036
0.0056
0.3001
2.0707
0.3073
0.2644
0.0723
0.4603
0.5390
0.3259
0.2810
0.5801
0.0425
0.2732
0.1594
0.1621
0.4235
0.1869
0.0478
0.5003
0.1278
0.6658
0.0058
0.1327
0.3651
0.0143
0.1502
0.1185
0.0711
0.2573
1.1600
0.6789
1.1826
0.6795
0.4490
0.2882
0.7837
0.2133
0.3251
0.1456
0.1386
0.2488
1.2232
1.5888
1.3133
0.2671
0.0831
0.6028
0.1028
0.4313
0.5494
0.5621
0.0620
0.0104
0.1356
0.3045
0.6463
0.0226
0.3484
0.0020
0.0109
0.2965
0.0435
1.0946
0.3248
0.7385
1.9390
0.6968
0.7076
0.6827
0.2192
0.4048
0.0608
0.6058
0.2577
0.4847
0.2369
0.1573
0.2743
0.0111
1.2219
0.0449
0.7488
0.2051
0.3361
0.9364
1.0659
0.1798
0.2832
0.3020
1.0879
0.2583
2.3741
0.3982
0.1106
1.2788
0.1878
0.1205
0.3556
0.3292
1.3721
0.0611
0.3264
0.4788
0.1142
1.0545
0.6755
0.2509
0.3647
1.9021
0.2267
0.5084
0.8385
1.1841
0.3065
0.6966
0.1047
1.3165
0.0246
0.6139
0.0427
0.0981
1.1362
0.1170
1.1247
0.2547
0.2741
0.4234
0.3344
0.0495
0.2236
0.2097
0.2879
0.2360
0.2131
0.1118
0.3167
0.1757
0.0269
0.0855
1.7109
1.3448
0.0234
0.4608
1.8754
0.0081
0.0163
0.1191
0.4475
0.2450
0.4879
0.1526
0.0797
0.0239
0.1770
0.2348
0.0613
0.0502
0.6192
0.1211
0.0572
0.2091
2.5884
0.1128
1.1771
0.9583
0.1334
0.6504
1.1470
0.1352
0.6783
1.4251
1.0423
1.3590
0.1877
0.4877
0.3731
0.1770
0.0520
0.0899
0.4636
0.6966
0.1603
0.1231
0.0721
0.7894
0.0732
0.0067
0.4206
0.0768
0.8064
1.1115
0.1872
0.7878
0.0823
0.0451
0.3574
0.1613
0.1109
0.1604
0.3615
1.0954
0.3445
1.3982
1.2858
0.1058
0.7900
0.0342
0.4768
0.3902
0.3884
0.1201
0.5489
1.5494
0.2987
0.3243
0.4326
0.0310
0.6709
0.2490
0.6049
0.2988
0.1193
0.1744
0.1570
0.1057
0.9672
0.0976
1.5988
0.7612
0.0417
0.4259
0.2294
0.2108
0.1690
0.3402
0.1953
0.1898
1.1443
1.5341
0.2792
0.2923
0.3667
0.0631
0.6883
0.2055
0.2385
0.4591
0.0252
0.2496
0.6258
1.3719
0.3384
0.2040
0.1405
0.7422
0.0993
0.1010
0.2634
0.8387
0.3326
1.2276
0.3449
0.0067
0.3906
0.4640
0.2220
0.0573
0.8529
0.1996
0.8498
1.6474
0.1000
0.4614
0.3289
0.7955
0.2147
0.5171
0.0385
0.8199
0.0775
0.1409
1.5189
0.1267
0.2970
0.3674
1.9586
0.2035
0.1613
0.1965
0.2546
0.3350
0.9752
0.4869
0.9659
0.5103
0.0823
0.4298
0.1395
0.2913
0.5748
0.5343
0.3690
0.2799
0.0653
0.3771
0.0829
0.1921
0.3500
0.0152
0.1974
1.6921
0.3389
1.9014
0.4893
2.4995
0.4715
0.0727
0.1644
0.5108
0.8561
0.0406
0.5864
0.9594
0.2334
0.1519
0.2027
0.0833
0.2096
0.0378
0.6998
0.1840
0.6436
0.0698
0.7261
0.2087
0.3773
0.5080
0.3875
1.2353
0.7442
0.0267
0.6173
0.4717
0.7068
0.9658
0.1008
0.0736
0.4004
0.6279
0.7782
0.0044
0.0558
0.8285
0.2824
0.6276
0.9858
0.4522
1.1370
1.2193
0.1722
0.8355
1.9870
0.5674
0.1626
2.2597
0.0436
0.2133
0.6246
0.1427
1.3278
1.7657
0.1483
0.5632
0.4308
1.2987
0.4966
0.0256
0.2239
0.6081
0.2329
0.1126
1.3426
0.2684
0.3073
0.7868
0.0263
0.0186
0.5725
0.7807
0.1725
1.3382
0.1158
0.2719
0.1794
0.5703
0.1195
1.0503
0.7813
0.6929
0.0070
0.4425
1.1211
0.0132
0.4299
0.1593
0.0350
0.6985
0.9002
0.5114
0.0958
1.1463
0.6164
1.4278
1.2303
0.3378
0.1354
0.1167
0.1504
1.3863
0.6507
0.2734
0.0225
1.0562
0.1987
0.2783
0.2306
0.4545
1.3199
0.9383
2.0528
0.3549
0.8143
0.7758
0.1657
0.7548
1.1129
0.4846
0.0507
0.4463
0.0681
0.4727
1.2548
0.0441
0.6449
0.5888
0.6457
0.3705
0.8787
0.0764
0.0249
0.5910
0.2741
0.3167
0.3095
0.0432
1.3008
0.1585
0.0650
1.0133
0.2205
0.2186
0.3894
0.1357
0.3335
1.1037
0.1287
0.0434
1.1093
1.1664
0.2251
0.4498
0.1738
0.9611
0.0941
0.7521
0.0625
0.4715
0.0708
0.3041
0.5240
0.4408
0.5861
0.6658
0.6343
0.1936
0.5019
0.3721
0.1801
0.1770
0.7506
0.0471
1.5928
0.1526
0.0653
0.1180
0.3441
0.9119
0.0763
1.4856
0.7908
0.6190
0.2120
0.4243
0.0820
0.0898
0.7836
0.5295
0.0609
0.1537
0.5784
1.0941
0.0831
0.2893
0.6716
0.5300
0.0546
0.7345
0.2815
0.9306
0.7826
0.7061
0.8984
0.0071
0.6514
0.9267
0.0922
0.2182
0.1799
0.3324
0.6376
0.3904
0.2173
0.0194
0.1831
2.5322
0.3984
0.1417
1.2516
0.3892
0.3224
0.4936
0.6308
0.0396
0.8587
0.3536
0.0151
0.1056
0.4498
0.0077
0.3504
0.2052
0.7051
0.8121
0.0382
0.3986
0.1053
0.7367
1.1546
0.1453
0.2538
0.4449
1.4052
0.1024
0.9430
0.1710
0.1698
1.9993
0.2291
0.6201
1.8075
0.2789
0.3362
0.0405
0.2066
1.3489
0.0898
0.3466
0.5684
0.1420
0.6659
0.5436
0.1688
1.5269
0.4495
0.3471
0.4072
0.7145
0.2552
0.0685
0.1947
0.0792
0.1881
0.8400
0.0290
0.2210
0.0501
0.1599
0.0600
0.1895
0.3646
0.0373
0.5372
0.3042
1.9339
0.2566
0.2937
0.0133
0.6529
0.0183
0.0443
1.0639
0.4723
0.6447
2.4541
0.1788
0.6534
0.8523
0.4941
1.0134
1.4472
0.2583
0.1233
1.3512
0.4692
0.6536
0.4688
0.5909
0.2888
0.1149
0.2443
0.2817
1.4259
0.6977
1.5855
1.2944
0.1759
0.7798
0.6178
0.4355
0.0471
0.5085
1.3000
0.1816
0.8838
0.4822
0.4805
0.5164
0.4878
0.4985
1.2035
0.1438
1.4350
0.3384
0.0838
0.0901
1.0378
0.8394
0.2687
2.0804
0.7024
0.6117
0.3411
0.2721
0.4773
0.0419
0.0735
0.1713
0.1975
0.9189
0.4456
0.3267
0.9610
0.6681
0.0884
1.0925
0.3799
0.0931
1.3890
1.1671
0.7213
0.6378
0.1848
0.2891
0.0231
0.5921
0.3236
0.0263
0.6607
0.2977
0.4325
0.0981
0.2993
0.8114
0.4633
0.0155
0.3896
0.1720
0.6743
0.0890
0.3301
0.4090
0.1954
0.1494
0.5369
0.5522
0.0180
0.0845
0.2496
0.4689
0.3581
0.5312
0.5575
0.7457
0.0059
0.0669
0.2822
0.6320
0.1882
0.3061
0.9115
1.2912
0.3273
0.2377
0.3126
1.3283
0.5452
0.5511
0.7079
0.3721
0.4540
0.1866
0.6259
0.2182
1.3218
0.0586
0.0949
0.5621
0.0353
0.7812
0.4788
0.4240
0.5656
0.0699
1.1517
0.2452
0.3331
0.0839
0.8405
0.5632
0.4278
1.1826
1.0397
0.2866
0.7644
0.9320
0.1560
1.3110
0.2585
0.2491
0.2007
0.8832
0.8416
0.5386
0.3431
0.0218
0.1155
1.0893
0.0515
1.1787
0.0334
0.4975
1.3834
0.0542
0.4060
0.1244
0.0158
0.0304
0.3287
0.3762
0.2864
0.0464
1.5097
0.4268
0.4093
0.0450
0.2828
2.5751
0.9866
0.0212
0.2034
1.2710
0.2234
0.0853
0.7636
0.1693
0.9151
0.9430
0.6675
0.0487
0.0902
0.2674
0.0582
0.5536
0.4875
0.5261
0.0252
0.3165
0.5689
0.1090
0.0146
0.2612
0.0377
1.0682
1.2281
0.1756
0.5075
1.0682
0.5288
0.2543
0.7488
1.2961
0.6891
0.4940
1.8741
0.2296
0.0954
0.2825
0.1669
0.2554
1.0736
1.1079
0.0738
0.0890
0.4223
0.0303
0.3186
0.0373
0.9144
0.0406
0.3378
0.0586
0.2891
0.0545
0.0151
0.2456
0.6317
0.4134
1.1012
0.6697
1.5214
0.7733
0.0405
0.5064
0.6334
0.3896
0.2080
0.1298
1.4004
0.3321
1.1532
0.6600
0.7781
0.0526
0.8272
0.0096
0.0492
0.0555
0.8353
0.4944
0.2479
1.1769
0.0771
0.0112
0.1825
0.0466
0.0778
0.2121
0.2511
0.3672
0.0665
0.3221
0.0634
0.0227
0.2233
0.5132
0.0527
0.2136
0.5173
0.2641
0.1877
2.9656
0.1729
0.1704
0.2387
0.1081
0.0025
0.7053
0.4694
0.1582
0.3518
2.1749
1.4904
0.3117
0.2102
0.0289
0.3495
2.3619
0.7674
1.1484
0.7184
1.7881
0.1014
0.8559
0.1261
0.1191
0.6930
0.8334
0.3764
0.2464
0.0601
0.3385
0.8303
0.5590
0.4501
1.2357
0.2239
0.1825
0.4369
0.0277
0.1974
0.0974
1.4336
0.1267
0.3891
1.2942
0.8901
0.1397
0.1030
0.4498
0.9500
0.4585
0.2697
0.2368
1.3997
0.2593
0.4762
0.3339
1.1736
0.2747
0.2746
0.5449
0.0006
1.5804
0.1282
0.2342
0.3169
1.0100
0.1247
0.1250
0.2807
0.3454
0.6680
0.4554
0.0250
0.8540
1.8161
0.0607
0.2377
0.3700
0.7858
0.9011
0.7410
0.2601
0.6672
0.9530
0.1746
0.7347
1.2969
0.1268
0.0062
0.0874
1.9368
0.8748
0.4520
0.1107
0.5097
0.0628
0.0618
0.8163
0.1293
0.2426
0.3128
0.4377
0.4762
0.3132
0.1618
0.5379
0.9055
0.3617
0.7708
0.6688
0.0201
0.8367
0.3606
0.5680
1.0648
0.0908
0.1024
0.2238
0.0360
1.3455
0.7888
0.0605
0.0984
0.1036
0.1193
0.3586
0.2617
0.0413
0.1521
0.7896
0.2830
1.1274
0.5101
0.6120
0.0058
1.0138
0.4729
0.0192
0.3467
0.1543
1.0925
0.5078
1.3047
0.7515
0.4183
0.1053
0.7822
0.6917
0.4297
0.3764
0.1380
0.1630
0.3461
0.7573
0.7614
0.6254
0.1127
0.0531
0.0938
0.4434
0.0908
0.1842
0.5471
0.3562
1.3634
0.0942
0.1535
0.0260
0.4236
0.5311
0.0617
0.0880
0.3965
1.0614
0.6625
0.0748
1.5683
0.0609
0.1039
0.5781
0.3138
0.3803
1.2415
0.0441
1.2181
0.0316
0.2011
0.0148
1.4396
0.0390
0.9521
0.0701
0.4814
0.1284
0.3875
0.5106
0.2257
0.1065
2.2487
0.2664
0.1139
0.4767
0.4799
0.5306
0.5421
0.0141
0.0124
0.3093
0.1365
0.0181
0.4278
0.6271
1.0706
0.3839
0.9565
0.2000
0.2126
0.1547
0.0812
0.2665
0.9472
0.2993
0.5246
0.2157
1.4067
0.8991
0.2975
0.2192
1.7482
1.0754
0.0433
0.3592
0.0460
0.2814
0.6315
0.9511
0.0855
0.3983
0.5109
0.3132
0.3475
1.4147
0.1353
0.1333
1.0832
0.4704
0.0456
0.0807
0.5193
0.0582
0.2099
0.8082
0.2245
0.0808
0.0261
0.0235
2.0794
0.8672
0.4190
0.2385
0.8842
0.1579
0.6468
0.0320
0.2037
0.0101
1.2150
0.3627
2.4260
0.8567
0.6111
0.0146
0.2241
0.1279
0.1370
0.1758
0.4174
0.6554
1.4093
0.8966
0.1040
0.6260
0.7949
0.7706
1.5430
3.7820
0.8556
0.0949
0.0727
0.1724
0.9580
0.0496
0.0251
0.1666
0.2367
1.3368
0.4405
0.6155
0.3250
0.0359
0.0848
0.0645
0.4918
0.1020
1.7407
0.5869
0.2808
0.4721
0.0238
0.7601
0.0065
0.8889
1.0558
0.4657
0.0972
0.4771
0.0709
0.6661
0.0006
0.9243
0.1842
0.6794
0.0215
0.3854
0.7271
0.7083
0.7543
0.0784
0.0071
0.1274
0.3202
0.4428
0.5538
0.5117
0.0464
0.0654
0.0030
0.3922
0.2857
0.3919
0.3276
0.4011
0.1033
0.6831
0.0862
0.6359
1.3537
0.1072
0.2828
4.3027
1.2886
0.1950
1.4925
0.0461
0.5304
0.2570
0.0818
0.2859
1.5318
1.0875
0.1961
0.6152
0.6660
0.8129
0.4397
0.3201
0.0316
0.1046
0.5755
0.2533
0.5481
0.0611
0.0273
0.6679
0.4908
0.2043
2.7534
0.2513
0.1752
0.0423
0.2734
0.2061
0.1092
0.0194
0.0188
0.5155
2.2272
0.0193
0.2578
1.6934
0.1145
0.3394
0.6974
0.6018
1.0934
0.0557
2.1096
0.4805
0.7877
1.0829
0.6845
0.1590
0.1871
0.0021
1.9571
1.4007
0.7418
0.3657
1.1172
0.2379
0.1605
0.3427
0.5999
0.1137
0.6153
0.4198
0.0414
0.0707
0.0678
0.3000
0.7013
1.1740
0.0628
0.3069
0.0331
0.0816
0.1999
0.3872
2.1024
1.9935
0.8430
1.0228
0.3142
0.4510
0.2124
0.3936
0.3553
0.5489
0.2202
0.2290
1.0677
0.8654
0.5430
0.1865
1.1255
1.5659
0.4972
0.5247
0.0626
0.5738
1.3435
0.1815
0.3149
0.6215
0.4104
0.2853
0.4085
0.2685
0.1401
0.8192
0.6548
0.2368
1.3900
1.6040
0.5282
0.1086
0.3677
0.6505
1.2479
0.2022
0.2402
0.0584
0.3736
0.1689
0.0166
0.0290
0.5551
0.9916
0.2682
0.0968
0.6416
0.8892
0.0242
1.2393
0.9064
0.7025
0.5667
0.1294
0.0332
0.1485
0.4535
0.1526
0.2532
0.3712
0.1477
0.0656
0.5110
0.1885
0.2315
0.1113
0.3635
0.1497
0.0738
0.0709
1.2710
0.6641
0.6738
1.2435
0.6342
0.0491
0.7966
0.1090
3.0744
0.3659
1.1417
0.1513
0.1042
0.1839
1.1580
0.8084
1.4272
0.9249
0.0700
1.2940
0.1085
0.0240
0.0768
0.3346
0.1771
0.4526
0.1187
0.1526
0.5203
0.5563
0.1072
1.8331
0.5906
0.3876
1.2668
0.6640
0.7204
0.6518
0.7799
1.2292
0.4299
0.0494
0.5864
1.7620
1.0510
0.3999
1.4065
0.1604
0.0443
0.6883
0.2343
0.3094
0.2253
0.3244
0.1461
0.2062
0.0135
0.0474
0.0753
1.0502
0.5705
0.6078
0.2553
0.2037
3.5696
0.3244
0.3381
0.0045
0.4097
0.6961
0.5864
0.5912
0.4900
0.1861
0.2657
0.2015
0.1740
0.4213
0.7696
1.2798
1.2281
1.5189
0.5032
0.1110
0.0938
0.1460
0.3729
0.0599
0.7051
0.1481
0.0175
0.5375
0.0107
0.2509
1.1022
0.0343
0.3757
0.6597
0.0820
1.1201
1.1181
0.0276
0.0396
0.0260
0.9112
0.1996
0.8917
0.1700
0.9671
0.2205
0.6197
0.0980
0.2433
0.9264
0.0005
0.0642
1.2773
0.6337
0.0974
0.2626
1.4818
1.5680
0.4040
1.0523
0.0548
0.5858
0.0394
0.0991
0.3468
1.1292
0.2386
0.1111
0.4366
0.2828
0.8185
0.5398
0.2948
0.6296
0.3463
0.2899
0.0066
0.8330
0.1566
0.4952
2.0537
0.1205
0.2106
1.0004
1.4922
0.0658
0.6132
1.8886
0.4549
0.3089
0.0756
0.3115
0.2508
0.2917
0.5291
0.9197
0.5489
1.6364
0.2875
0.2498
0.3232
0.4458
0.0092
0.2173
0.1147
0.2938
0.6870
0.0220
0.1428
0.6685
0.1756
0.0095
0.6469
0.1537
0.1889
0.6489
0.4799
0.4894
1.1286
0.6493
0.1291
0.2948
0.0072
4.2256
0.2473
0.2622
0.4542
0.2333
0.1850
0.2041
0.2286
0.4567
0.3027
0.0737
0.0729
0.0605
0.2616
1.1183
0.5791
0.0049
0.0386
0.9385
1.1954
0.1434
0.0872
0.4582
0.2127
0.5369
0.1935
0.1671
0.8167
0.6421
1.1267
2.4379
0.0989
0.6488
0.4835
0.1458
0.0899
0.1463
0.1388
0.8670
2.4050
0.4525
0.2793
0.4450
0.9840
0.0457
1.0360
0.9417
0.1184
1.1968
0.0178
0.7076
0.3502
0.2365
0.2278
0.1323
0.5295
0.1551
0.3348
0.0372
0.7522
0.1030
0.1033
0.4462
0.2725
0.3899
0.5150
0.3959
1.1241
0.0633
0.8328
0.5137
1.2431
0.8546
0.2081
0.2300
0.0965
0.4242
1.5822
0.3468
2.8133
1.6735
0.6122
2.3957
0.7149
0.4770
1.5360
0.4338
0.1309
0.8461
0.4298
0.9918
0.2889
0.3402
0.1248
0.0719
0.1799
2.8764
0.0261
0.7284
0.4658
0.7124
1.1080
0.2658
0.3751
0.2243
0.0903
0.8141
0.2126
0.0116
0.3911
0.2972
0.3457
0.0305
0.5920
1.9679
0.5103
0.2020
0.0338
0.3150
0.9634
0.1282
0.0397
0.2879
0.5913
0.0983
0.5215
1.2914
0.0946
0.1798
0.3136
0.1756
0.2556
0.0656
1.1038
0.0883
2.4087
1.7735
1.1895
0.0690
1.2559
0.0266
0.0224
0.5945
1.5659
0.6531
0.5064
0.0308
0.2407
0.0284
0.2342
0.0668
0.0435
0.0384
0.3543
0.3322
0.6517
1.3364
0.5214
0.5527
0.0866
0.1948
0.3898
0.2755
0.5382
0.1878
0.6870
0.1961
0.1491
0.0271
0.4624
0.3318
0.6375
0.2781
0.2622
0.5291
0.2448
0.0921
0.1139
0.3191
0.3574
0.3131
0.0439
0.1055
0.1480
0.4480
0.2747
0.4574
0.0058
0.4540
1.3510
0.3280
0.0940
0.4341
1.6384
0.2115
0.0236
0.4459
1.3399
0.6740
0.0284
0.5493
0.1935
1.2591
0.9832
0.0370
0.0599
0.0737
0.4474
0.1284
0.0500
0.2274
0.8844
0.2560
1.3362
0.6117
0.3399
0.5524
0.2595
0.1642
0.1729
0.0979
0.6874
1.0621
1.1522
0.1458
0.2940
0.0884
0.3521
0.2311
0.2943
0.5329
1.1271
0.3778
0.0864
0.2433
0.6495
0.0342
0.0917
0.2317
0.0814
0.2636
0.0218
0.7936
0.2755
0.9684
0.1002
0.0647
0.5960
0.9482
0.0355
1.3560
0.4595
0.8952
1.0004
0.7883
0.8502
0.0962
0.6653
1.0726
0.1528
0.1278
0.8568
0.6419
0.0361
0.0085
0.1419
0.6780
2.4883
0.5219
0.0595
2.0464
0.2780
1.0626
0.8288
0.6424
0.5386
1.9886
0.5027
0.1733
0.3973
0.2052
0.0306
1.0318
0.1437
1.0476
0.4480
0.4012
0.0969
0.9064
0.4761
0.2741
0.8763
1.0821
0.0638
0.0007
0.5282
0.0847
0.6877
0.7061
0.4711
0.1173
0.0093
0.0050
0.4149
0.3058
0.1050
0.0081
0.1022
0.0438
0.4809
0.3289
0.3597
2.1598
0.0280
0.1908
0.8897
0.7580
0.7250
1.1241
0.0055
0.2431
1.1022
0.4577
2.0622
0.1334
1.4060
1.5600
0.3445
0.5011
0.9549
0.0524
0.8362
0.1777
0.3358
1.1141
0.3342
0.4778
0.0042
0.2969
1.3201
0.4931
2.5087
0.2208
0.9038
0.1884
0.7180
0.2484
0.1242
0.0936
0.7013
1.6907
0.0739
0.4876
0.2583
0.0770
0.8157
0.1881
0.2607
0.3059
0.1388
0.7812
0.7684
0.2156
0.0605
0.4879
0.5365
0.3254
1.1688
0.3321
0.0654
0.5989
0.0533
0.1305
0.0828
2.4459
0.3924
0.3353
1.2743
0.0681
0.4234
0.8897
0.3055
0.1910
0.0826
0.0047
0.0141
0.5765
0.5096
0.1936
0.0971
0.7671
0.1805
0.4922
0.8083
2.4928
0.1866
0.0218
0.1058
0.0112
0.1780
0.9645
0.2726
0.2180
0.1076
0.5512
0.0093
1.0163
0.2938
0.2055
0.1814
0.3104
0.1943
0.6050
0.1826
1.1844
0.2847
0.5394
0.5485
0.7215
0.0640
0.4713
0.2893
0.4837
1.0531
0.7934
0.1040
0.2715
0.3292
0.4285
0.1667
0.1019
1.4439
0.0914
0.8590
1.1816
1.9332
1.0333
0.0233
1.0343
0.0678
0.2093
0.6214
0.1378
0.1054
1.0526
0.1521
0.0505
0.0766
0.2128
0.1461
0.8760
0.0877
0.5880
1.2296
0.0280
1.4774
0.4687
0.1517
1.2948
2.1024
0.2521
0.5458
0.0160
1.0948
0.3694
0.1600
0.7020
0.3579
1.3606
0.1237
0.1780
1.6264
0.5139
1.8787
0.1196
0.0961
0.4742
0.8568
0.5338
0.1222
0.3436
0.7046
0.1272
1.5593
0.1311
0.9600
0.4386
0.1593
0.0164
0.2325
0.6266
0.3078
0.8985
0.4484
0.0184
1.6336
0.5644
0.7175
0.1140
0.0670
0.0498
0.0291
0.9357
0.0525
0.0168
1.6675
0.0176
0.4071
0.1882
0.0015
0.7196
0.2393
0.1088
0.0933
0.1216
1.9750
0.0259
0.0196
0.0591
0.2516
0.5861
1.1440
1.1364
0.8777
0.2364
0.9734
0.0406
0.7535
0.0215
0.1766
0.3132
0.2880
0.7051
0.4648
0.4827
0.3220
1.6881
0.4225
0.1569
1.1414
0.3949
0.2294
3.2426
0.0730
0.1009
0.3728
1.6705
2.4688
0.0693
0.7650
1.4561
0.5094
0.9910
0.1459
0.3352
0.1713
0.5491
0.7599
0.2917
0.6575
0.5818
1.2959
0.5344
0.2128
0.3215
0.2945
0.0700
0.8063
0.3973
0.6395
0.2436
0.0210
0.0155
0.0008
0.2165
0.7301
0.9665
1.0668
0.3899
0.0154
0.4618
1.3537
0.8085
0.0574
0.3304
1.0525
0.2648
0.2016
0.3491
0.1222
0.8576
2.7805
0.2062
0.6363
0.8071
0.0154
1.6490
0.5800
0.1774
0.4250
0.3928
0.2362
0.7117
0.0585
0.5169
0.3697
0.1220
0.2091
0.1547
0.1998
1.2838
0.2663
0.7176
0.9983
0.8059
0.5850
0.0793
0.1422
0.3398
0.6321
0.9168
0.3971
0.1856
0.3761
0.2342
0.7772
0.8815
1.4922
0.0481
1.7762
0.2970
0.0348
0.2340
0.3715
0.5559
0.3582
0.2733
0.0419
0.2512
0.6099
0.0665
2.3619
2.4839
0.6762
0.0278
0.3305
0.3175
0.0256
0.0524
1.0069
0.3169
0.3399
0.7825
0.5858
0.2689
0.0344
0.8963
0.1569
0.4282
0.9330
1.0846
0.3200
0.1847
0.2098
0.0603
0.1029
0.1849
1.3382
0.3996
0.2200
0.0492
0.3315
0.7943
0.0104
0.3884
1.1401
0.0434
0.1310
0.6816
0.5075
0.1417
0.1582
1.9687
2.1484
0.4873
0.0470
0.0248
0.0688
0.2636
0.2011
0.7661
0.6745
0.3745
1.1261
0.0094
0.1357
0.3427
0.2666
0.7296
0.2058
0.2375
0.4123
1.3045
0.0479
0.1797
0.4611
0.1505
0.0232
0.4695
0.0387
1.6469
0.5737
0.0808
0.0150
0.4263
0.8188
0.7123
0.6448
0.3711
0.0075
0.3013
0.0959
0.0543
1.3999
0.2185
0.3207
0.0641
0.2333
1.2057
0.1711
0.0238
1.9442
0.2609
0.2903
1.2204
0.6281
0.1934
1.5246
0.7022
0.4956
0.3970
0.3637
1.0298
0.1089
0.0122
0.6741
0.6059
0.9184
0.7605
0.0548
0.4167
0.8222
1.7275
0.0158
0.0458
0.0134
0.9861
1.8519
0.4145
0.0811
0.2566
1.3278
0.0268
0.2455
0.1741
0.1556
0.3262
0.1990
0.1032
0.1919
0.3793
0.2342
1.7991
0.4462
0.4913
1.7437
0.6820
0.0170
0.6474
0.1525
0.2772
0.1556
0.1798
0.2285
0.4829
0.0894
0.1106
1.0157
0.5988
0.5998
0.6085
0.6953
0.5556
0.3260
0.4554
0.2346
0.9668
0.9428
0.3058
0.5755
1.1023
1.9346
0.0030
0.1699
0.0592
0.9772
0.7596
0.4303
0.9155
0.4227
1.2077
0.3718
0.4391
0.7738
0.1569
0.2068
0.6437
1.0083
0.8136
0.4759
0.5585
0.3200
0.1807
0.0761
0.0396
0.0608
0.2571
0.0164
0.0317
0.3672
0.0452
0.1898
0.0401
0.1397
0.3442
0.5380
0.2156
0.2690
0.1813
0.2337
0.3426
0.0226
0.2796
0.2227
0.1835
0.7261
0.2627
0.0798
0.1487
0.3135
0.0969
0.5869
0.6890
0.5366
0.3776
0.0337
0.4990
0.0228
0.0473
0.6647
0.0202
0.0822
0.0054
0.3887
0.0265
0.3022
0.1331
0.0292
0.1303
1.1018
0.4171
0.3410
0.4051
0.0981
0.2211
0.7621
0.8023
0.9086
0.0353
3.9997
0.9495
0.1908
0.3431
0.8293
0.0220
0.0793
1.5925
0.0256
0.0033
0.3554
0.1077
0.0751
0.0379
0.0767
0.1652
0.3029
0.7401
1.9813
0.2133
0.2017
0.2960
0.2867
0.2107
0.9735
0.3624
0.6503
0.5737
0.0467
0.2737
0.0915
0.0009
1.0708
0.7811
0.8277
0.9507
1.6320
0.8967
0.2243
0.4216
0.2581
0.3757
0.7519
0.0817
0.1000
0.4603
0.2748
0.2198
1.3735
0.9658
0.1304
1.0502
0.4796
0.9694
0.6839
0.8634
0.0875
0.3794
0.3260
0.1745
0.9750
0.5900
0.3006
0.2311
0.4162
0.0107
0.2235
0.1313
0.2724
0.4011
0.1485
0.6936
0.1204
0.0987
0.0833
0.1817
0.0410
0.1251
0.3041
0.0512
0.5169
0.4236
0.5025
0.7351
0.1962
0.3150
0.0185
0.4467
1.0774
0.2676
0.1438
2.3352
1.4638
0.1688
1.2558
0.6731
0.4545
0.0768
0.2740
0.3841
0.6704
0.7692
0.1918
0.1737
0.2176
0.4556
1.7402
1.1831
0.2011
0.5765
0.1334
0.7474
0.0103
0.9457
0.5400
1.0470
0.0811
0.2961
0.0311
0.5191
0.1703
0.4981
1.1000
0.3213
0.3419
0.0169
0.1983
0.0436
0.1857
0.2641
0.3223
0.4235
0.6970
0.1634
0.4144
0.2544
0.3186
0.0417
0.4452
0.0591
0.6349
1.1460
0.1662
0.0348
0.1685
0.1592
0.8204
1.5572
0.0354
0.0623
0.0528
0.2474
0.2694
0.1811
0.1622
0.2189
1.2973
1.2593
1.7180
0.7588
0.8483
0.6681
0.0168
0.0243
0.4304
1.3510
0.3875
0.5574
0.0010
0.4297
0.2640
2.0537
0.1814
1.3294
0.5362
0.0277
0.2939
0.0431
0.4579
0.5556
0.2057
1.5719
1.7452
0.5010
0.0479
0.1200
0.1963
0.0800
1.3982
0.0461
0.5417
0.4794
0.0053
0.5882
0.5106
0.4360
0.4733
0.8161
0.1970
0.0668
0.0869
0.5946
0.9764
0.3379
0.2809
3.1949
1.4601
0.1271
0.1643
0.0964
0.4596
0.4496
0.3415
0.4595
0.0066
0.4439
1.2488
0.7928
1.8433
0.1617
0.3669
0.9100
0.7166
0.7638
0.4182
0.3451
1.0239
0.5996
0.3828
0.0564
0.3809
0.0968
1.3969
0.6030
0.2485
0.3565
0.6363
0.3282
0.1547
0.3207
0.2219
0.0550
0.2564
0.1110
0.2238
0.9196
0.0568
1.0543
0.1654
0.0761
0.1126
0.0352
1.3514
0.4900
0.0822
1.0501
1.4193
0.0199
0.2026
0.8782
0.1831
0.1171
0.1809
0.5244
0.0620
0.3588
0.3468
0.8596
0.0417
1.2162
0.1557
0.0539
0.0134
0.0407
0.4869
1.0284
0.0184
0.4895
0.5391
0.3783
0.2157
4.1000
0.0049
0.7087
0.6443
0.0308
0.1419
1.1748
0.2330
0.9498
0.5456
0.1814
0.0921
0.5062
0.1856
0.7489
0.1445
0.6127
0.6096
0.0594
0.5969
1.9757
0.0704
0.8509
0.2660
1.6461
1.2513
1.1576
1.1635
0.0281
0.4695
1.9281
0.0376
0.7466
0.2862
0.3330
0.6390
1.2091
2.6162
0.1604
1.0538
0.0675
0.3811
0.2326
0.5145
0.0373
0.7072
0.1074
0.5708
0.3629
0.4068
1.8912
0.0198
0.3807
0.4215
0.6613
0.2775
0.1642
1.8126
0.3290
0.4882
0.2487
0.2766
0.0325
0.0977
0.3763
0.3964
0.1789
0.0167
0.0540
1.0278
0.8145
0.1502
0.6302
0.5124
0.0986
0.3815
0.2176
0.2388
1.4382
0.3736
0.8863
0.5108
1.2437
0.9646
0.4233
0.8736
0.2307
0.7081
0.1162
0.3507
0.6303
0.0774
0.0270
0.0576
0.0149
0.0972
1.8912
0.2930
0.0840
0.0248
0.6262
1.0950
0.6288
0.0509
0.0680
0.6350
0.7578
1.3068
0.3210
0.2948
0.3239
0.5846
0.1076
0.4206
0.2058
0.0964
0.1462
0.5611
0.5277
1.0550
0.4329
0.1490
0.4740
0.5830
0.4695
0.1074
0.3783
0.2246
0.3404
0.1465
1.1903
0.2894
2.0427
0.4377
0.5094
0.6992
0.3676
0.3779
0.0737
0.1042
0.4402
0.6973
0.5228
0.9580
0.8256
2.2528
0.4010
0.1872
1.1260
0.2737
1.2188
0.0221
1.0877
0.0063
0.0441
0.7251
0.7802
0.6772
0.4915
0.8225
0.0572
0.0757
0.1967
0.0861
0.1798
0.0148
0.4698
0.2325
0.6286
1.0162
0.0621
1.6827
2.5994
0.4957
0.6379
0.3276
0.3789
0.4307
0.7533
0.9786
1.6916
1.1734
1.1052
0.1680
0.1610
0.4322
1.5269
0.0889
0.3274
0.2151
0.7565
0.2283
0.3527
0.1751
0.0416
0.2884
0.1242
0.8814
0.0352
1.0541
0.1034
0.4110
0.3397
0.1040
0.0897
1.3795
0.2245
0.8529
1.0476
0.0217
0.0771
0.5837
0.0496
0.3378
0.6543
0.2728
0.3982
0.7977
1.4456
1.5011
0.6399
0.0771
0.9970
0.5643
0.0150
1.4318
0.6928
0.7918
0.2919
0.0612
0.9955
1.9361
0.0338
0.3094
1.4578
0.0339
0.6262
0.0347
0.5191
1.1151
0.0077
0.0659
0.5649
1.5873
0.0328
0.0425
2.0111
0.0235
0.0912
0.3885
0.5895
0.3255
0.6218
0.7544
0.0847
0.0837
0.5648
0.2062
0.8566
0.0120
0.8870
0.4044
0.1435
0.0880
0.0746
0.3080
0.0316
0.0470
0.2721
1.4350
0.0278
0.3576
0.7408
0.4476
0.1913
0.0546
0.8374
0.0564
0.4637
0.3879
0.1399
0.6212
0.6660
0.2387
0.8135
0.2957
0.2072
3.1270
0.0541
0.7280
0.5704
0.1131
0.2572
0.2102
1.0879
0.5921
0.9492
0.3221
0.2017
0.0170
0.1197
0.0100
0.3203
0.1524
0.4997
0.1427
1.2047
0.9250
0.2882
0.3758
1.6139
0.0316
0.4020
0.1408
0.3679
0.4183
0.3541
1.0031
0.3511
0.1041
0.4805
0.3962
0.4959
0.5849
0.2016
0.1172
0.9201
0.4931
0.1783
0.3054
0.0850
1.5017
0.1003
0.1655
0.1091
0.3651
0.6581
1.3095
0.1138
0.0964
0.1066
0.9173
0.8564
0.4005
0.3671
0.0575
0.2543
0.1338
0.3365
0.1694
0.0799
0.3314
0.1045
0.0143
1.0165
0.0669
1.4928
0.2645
0.4416
0.7845
0.1399
0.2456
0.9149
0.0967
0.4228
0.1416
1.2798
0.2803
1.0109
0.3392
0.9652
0.2404
0.3295
0.0347
0.2218
0.6571
0.1315
0.1770
0.4938
0.9810
0.4256
0.3411
0.0941
0.2814
0.2893
0.4453
0.3566
0.2812
0.6772
0.6716
0.0008
0.8067
0.0498
0.1648
0.4490
0.1975
0.7579
1.6352
0.7105
1.3175
0.3373
0.9172
0.2783
0.0119
1.0394
0.7231
0.0864
0.0555
0.2778
0.9242
0.2324
0.1102
0.6658
0.8061
1.0813
0.2145
0.5236
0.5149
0.4192
0.8230
0.2168
0.3619
0.2325
0.0245
1.2675
0.0988
0.3808
0.1780
0.2292
0.0038
0.1214
0.6542
0.6165
1.1385
0.2457
1.4415
0.0470
0.0101
0.1174
1.5701
0.3485
0.8087
0.6051
0.1699
0.0602
0.0259
0.0014
0.2114
0.7006
0.4982
1.6637
0.6730
0.4316
0.4480
0.2463
0.6156
0.2960
0.0867
0.5770
0.1604
0.0234
0.3402
0.1192
0.1995
0.1680
0.4866
0.0608
0.1555
0.0021
0.3003
1.1755
0.2169
0.3579
0.1550
0.4516
0.2989
2.8861
0.4848
0.5201
0.1811
0.2117
0.0138
0.3753
2.4562
0.2363
0.2179
0.0817
0.6691
0.0278
0.1982
1.8872
0.6209
0.5759
0.0321
0.0377
0.0012
0.5125
0.0019
1.0906
0.2546
0.5275
0.1173
0.0237
0.0742
0.0891
0.2228
1.3539
0.1673
0.8972
0.2711
0.2107
1.1206
0.5573
0.2055
2.5347
0.4736
0.9774
0.6271
0.0879
1.0368
0.7569
0.8606
0.1416
0.2163
0.1840
1.0869
0.3750
0.8254
0.9567
0.0328
1.1208
0.0130
0.1257
1.8172
0.9194
1.4270
0.8678
0.1334
0.3536
0.5592
0.1293
1.0709
0.0144
0.4134
0.5086
0.0510
0.0011
1.2998
0.1723
0.0654
0.2010
0.5061
0.1913
0.8310
0.1345
0.1224
0.0524
0.5548
0.6263
0.4398
0.5274
0.9587
0.1296
0.0614
0.0317
1.5736
1.1642
0.0962
0.3610
0.0392
0.0057
0.7569
1.3989
2.0364
0.0206
0.3884
0.8183
1.0370
0.0530
0.3902
0.0527
0.4048
1.8826
0.1963
0.0090
0.3415
0.4499
0.4749
0.2529
0.5247
0.0966
1.5357
0.2794
0.3040
1.1097
1.2501
0.5570
1.1660
0.1443
0.0135
1.2193
0.0521
0.0247
0.0251
1.0760
0.1248
0.0674
0.9089
0.2471
0.1561
0.6778
0.2157
0.9979
0.3676
0.8612
0.0101
1.0857
0.0565
1.0357
0.0664
0.5930
0.4480
0.9877
0.1895
0.1285
2.1244
0.7781
1.6507
0.6215
0.0449
0.1866
0.3163
0.2181
0.4021
0.0671
0.1156
0.0722
0.4956
0.2883
0.1419
0.1542
1.1963
0.1690
0.3698
0.1932
0.0308
2.5470
0.4397
0.4392
1.1993
0.3872
0.4801
0.5150
0.7903
0.0679
0.9603
0.6908
0.4449
0.6627
0.0326
2.6801
0.1868
1.2448
0.1471
0.8773
0.6268
0.5359
0.1499
1.2618
0.7359
0.3833
0.2094
1.6236
0.3053
-0.0000
0.3577
0.2247
0.6817
0.0151
0.5444
0.2830
0.1090
1.5607
0.1368
0.0252
0.0451
0.6630
0.3793
0.2171
0.2927
0.2954
0.1860
0.3408
1.2498
0.1827
1.2586
1.9563
1.1255
1.6779
0.3420
0.4903
0.6752
0.2413
0.3244
0.5440
0.4656
0.0278
0.0251
0.0192
0.5644
1.0223
0.5701
0.2586
0.1729
0.2540
0.2721
1.0440
0.8828
0.9559
0.0502
0.0261
0.7044
0.3988
0.0419
0.2043
0.7403
0.0657
0.7520
0.0613
0.2848
0.1607
0.3318
0.7828
0.0908
0.2169
0.7776
0.1200
0.0413
0.3748
0.0822
0.4023
0.3376
0.9987
0.9225
0.0699
0.4053
0.0236
1.0151
0.1393
1.2251
0.0280
0.0371
0.3615
0.7266
0.4295
0.0139
0.8105
0.1610
0.2720
1.3095
0.1069
0.6109
0.6359
0.0409
0.0615
0.1139
0.1243
0.1077
0.0583
0.5002
0.2593
0.0610
0.1566
0.2173
0.7243
0.0731
1.1482
0.2334
2.1128
0.4308
0.2778
0.7217
0.1944
0.7295
0.0365
0.6845
1.6654
0.0465
0.2037
0.2210
0.5284
0.1409
0.8768
0.0592
0.2071
0.2625
0.3012
0.3910
0.0940
0.2478
0.3545
0.0263
0.4296
0.3631
0.6085
1.5833
0.6609
0.2012
0.5312
0.0897
0.1171
0.8549
0.9724
0.2030
0.0214
0.1593
0.6028
2.7497
0.0293
0.3292
0.3758
0.3275
0.5780
0.2493
0.1712
0.0460
0.0410
1.0931
0.8349
0.2573
0.7942
0.9808
0.1226
0.0834
0.9171
0.1207
0.3795
0.3827
0.2045
1.9021
2.6673
0.2387
0.4772
0.0796
0.0660
0.0576
0.0037
0.3058
0.0225
0.9497
0.0555
0.6147
0.0729
0.5087
0.7752
0.8272
0.3567
0.0528
0.7806
0.1185
0.2227
0.3822
0.0469
0.9855
0.6122
0.7772
1.1475
0.2148
0.4374
0.9238
0.3938
0.2610
0.0980
0.3473
0.0044
0.2531
1.7610
0.0561
0.2704
1.8149
0.2520
0.5595
0.1538
0.3935
0.0336
0.2198
0.5057
0.6296
0.0369
0.5192
0.1317
0.2186
0.2707
0.1251
0.3038
0.2872
0.0509
0.9045
0.2255
0.2092
0.9293
0.0937
0.6747
0.6559
0.0611
0.0207
0.0534
0.5783
0.1771
1.0338
1.0548
0.1461
0.6152
0.9858
0.4570
0.0287
0.2398
0.5827
0.1875
0.0626
0.1202
0.1463
0.0348
0.4271
0.3143
0.1619
0.6054
0.2652
0.0927
0.1164
0.6881
1.1252
0.3061
0.2091
0.6149
0.9273
0.2350
0.3921
0.3568
0.2635
0.0894
0.3372
0.2574
0.3582
0.4425
0.9149
0.0399
0.4382
0.1816
0.1263
0.1825
0.7998
0.9000
0.3299
1.0114
0.2637
0.0754
0.0233
0.0229
0.2466
0.2225
0.9347
0.3220
2.3689
0.6423
0.6151
0.5080
0.2725
0.1009
0.4394
0.7114
0.1430
0.7575
0.4193
0.2612
0.6794
0.1771
0.0352
0.4258
0.6987
0.1198
0.0411
0.3570
0.1948
0.3337
1.2971
0.0582
0.5700
0.1303
0.2588
0.0553
0.7059
0.7110
0.6443
1.0327
1.1345
0.0503
0.0831
0.0692
1.2453
0.2717
0.7371
0.1626
0.0890
0.3638
0.1418
0.6306
0.6448
0.7155
0.0180
1.0196
0.3160
0.5107
1.1776
0.1288
0.0198
0.2388
0.1132
0.0972
0.3330
0.5734
0.7128
1.2011
0.5691
0.0617
0.9435
0.0977
0.0853
0.1034
0.0488
0.1029
0.4241
0.4865
0.6742
0.2574
0.2504
1.1494
0.1123
0.4133
0.0072
0.4011
0.1525
0.5314
1.2475
0.1606
1.0716
0.0894
0.0386
0.2377
1.7319
0.2211
0.1179
0.4615
0.0263
1.1176
0.0570
0.9037
0.1469
0.3759
0.4572
0.7228
0.3211
0.1231
0.2580
2.0873
0.0883
0.2355
0.3119
0.4710
0.5039
0.4353
1.5066
1.1675
0.1798
0.3681
0.4197
1.6557
0.6435
0.2840
0.2068
0.0024
1.1944
0.9412
0.3619
0.1441
0.6902
1.1287
0.7359
1.9288
0.0052
1.8092
0.2021
0.6981
0.7427
0.0219
0.1184
0.2207
0.6658
0.2124
0.0977
0.3333
0.1668
0.8472
0.5320
0.6093
0.6668
1.7498
0.0926
0.6163
0.5573
0.4061
0.3699
0.2872
0.6686
0.6921
0.2121
0.0213
0.9585
0.0889
0.0985
0.1519
0.1207
0.3128
0.6865
0.1315
0.0006
1.0715
0.4297
0.1405
0.1081
0.2299
0.4829
0.3705
0.2676
0.6311
0.0142
0.3469
0.0995
0.2615
0.6961
0.5513
0.3483
0.3061
0.0517
0.3557
0.1137
0.0366
1.3152
0.3982
1.1361
0.2140
0.4903
0.0303
2.9543
0.9965
0.3594
0.2878
0.5969
0.2285
0.9929
0.8333
0.1784
0.2591
0.0849
1.0242
0.8716
0.0748
0.6994
0.3393
0.1642
0.0790
0.4929
0.0853
0.3658
0.3182
0.1918
0.6215
0.0444
0.6463
0.7321
0.3479
1.4423
0.3566
0.1007
0.2542
0.3670
1.3669
0.4374
0.7224
1.3473
0.3784
0.1198
1.0356
0.9398
0.1935
0.2859
0.9060
0.9323
0.2110
0.1741
0.3870
0.6218
0.2599
0.2457
0.5190
0.4114
0.2029
0.1229
0.1060
0.1064
0.3824
0.5342
0.7652
0.4452
0.0602
0.6118
1.7072
1.8532
0.2162
0.1062
0.7136
0.1858
0.8468
0.4024
1.1954
0.5415
1.1120
0.2443
1.0738
0.2040
0.0006
1.1342
0.0829
0.1017
0.1858
1.2026
0.7184
2.7350
0.1059
0.4734
0.6945
0.2268
0.1273
0.5405
0.2871
1.6021
0.0152
0.8899
0.0563
0.4425
0.5861
0.9574
0.0699
1.6735
0.0367
0.4435
0.0233
0.4570
0.7974
0.1238
0.4974
0.5802
0.1018
0.4420
0.3514
0.2869
1.1149
0.2132
0.1710
0.6428
0.4505
0.0515
0.9475
0.3236
0.2803
0.0710
0.5377
0.6210
0.3849
1.8664
0.8443
0.4717
0.2875
0.2254
0.6682
0.4117
0.3980
0.8213
0.0378
0.3973
0.4875
0.2769
0.9592
0.8664
0.2341
0.0951
0.2735
0.1373
0.0469
0.0737
0.0918
0.0961
0.3463
0.0275
0.4625
0.2814
0.5806
0.6076
0.8129
0.0171
0.1917
0.2067
0.6884
0.2018
2.0337
0.8032
0.4555
0.1752
1.2086
0.3240
0.2843
0.2794
0.9885
0.7507
0.3308
0.1109
0.3055
0.1401
0.2429
0.2524
0.6841
2.9892
0.3388
0.1870
0.1587
0.5088
0.7658
0.0880
0.2932
0.1692
0.2391
0.5201
0.3122
1.1441
0.1207
0.0359
0.4894
0.3681
1.0889
1.1330
0.1263
0.5238
0.1294
0.1049
1.2143
0.1995
0.4719
0.8036
0.6499
0.0937
0.3821
0.6714
0.4715
1.3137
0.3621
0.4950
0.5703
0.7888
0.8538
0.5044
0.0263
0.0408
0.0286
0.8084
0.3186
0.2698
0.1010
0.0936
0.4158
0.0917
1.3585
0.4865
1.5995
0.0841
0.1191
0.8385
0.0410
0.2688
0.3252
0.0765
1.0770
0.0550
0.5468
0.0708
0.2087
0.1168
0.5188
0.0805
1.1565
0.1375
0.7858
0.9480
0.7299
0.4021
0.5282
0.1647
0.1382
0.2865
0.1616
0.0085
1.2258
0.5398
0.1282
0.1528
3.0202
0.4661
0.7993
0.1875
0.4259
0.5311
0.3333
0.1599
0.0166
1.8966
0.1296
0.3189
0.3469
0.2563
0.2970
0.2800
0.3630
0.3293
0.2945
0.8956
0.7081
0.3147
0.0807
0.2536
0.0439
0.1639
0.7433
0.0096
0.5818
0.1124
0.2606
0.0763
0.4891
0.2533
0.0279
0.6591
0.3599
1.4241
0.1071
0.7455
0.5782
0.3512
0.2016
0.5768
0.4069
0.2146
0.5150
0.4057
0.3610
0.8145
0.0955
0.5184
0.0475
0.9839
0.5707
3.0963
0.6259
0.0266
0.4730
0.4836
0.8255
0.1605
0.1594
0.0579
0.3776
0.6073
0.6123
0.0797
1.2739
0.3062
0.1856
0.7046
0.7142
0.0998
0.6725
0.6529
1.0856
0.0969
0.0572
0.0802
0.1713
0.1577
0.0161
0.2370
0.6825
0.0264
0.3867
0.3056
0.1456
0.5093
0.2404
0.1734
0.0548
0.5175
0.7620
0.4005
0.8398
0.3269
0.0722
0.5461
0.6532
0.5428
0.6153
0.9759
0.4361
0.1665
1.0256
0.4517
0.7330
0.1701
1.0462
0.2196
0.5176
0.6533
0.6500
0.0823
0.4608
0.5133
0.0932
0.5750
0.1291
0.6159
0.2020
0.3926
0.1848
0.2216
0.0230
0.2405
1.9259
0.3129
0.2364
0.2739
0.7383
0.1759
0.2653
0.1471
1.0646
1.0173
0.8153
0.1801
0.2506
0.2328
0.0744
0.9786
0.7700
0.8258
0.4931
0.0649
0.3012
0.3599
0.0988
0.0610
0.4249
0.6158
0.2294
1.1978
0.0336
0.6773
0.1999
0.0247
1.3747
0.0979
0.0676
0.4435
0.7836
0.2417
0.4627
0.5261
0.7913
0.7528
0.1576
1.1715
0.9662
0.2519
0.1366
1.0204
0.1973
1.2442
0.6969
0.3195
2.3724
0.8827
0.1971
0.6394
0.4941
1.0144
0.0253
1.5548
1.2535
0.2596
0.0308
0.3752
0.0010
1.2492
0.6612
0.2264
0.2874
0.1285
0.4858
0.1652
1.0037
0.4973
0.5377
0.3295
0.0826
0.4687
0.5716
0.0713
0.1683
0.1412
0.7573
0.2717
0.8586
0.0171
0.3735
0.0025
0.0752
0.1117
0.4503
0.1659
0.1951
0.1353
0.8459
0.2002
1.1491
0.7271
0.1140
1.9985
0.1533
0.2653
1.6093
1.2225
0.0224
0.8774
0.0075
0.0831
0.1065
0.3886
0.0657
1.2747
0.0477
0.7293
0.0235
0.1180
0.2970
0.9591
0.9581
2.9892
0.1509
0.3421
1.0363
0.3670
0.5087
0.2634
0.2037
0.3414
0.7092
0.4413
0.1117
0.6076
0.6605
0.8173
0.1571
0.9313
0.5772
0.4010
0.0203
0.0314
0.7729
0.0018
0.2385
0.0219
0.4264
0.1335
0.3880
0.0660
0.1698
0.1744
0.3824
0.1524
0.3986
0.1986
0.2727
0.2000
0.0698
0.2345
0.3553
0.4504
0.0596
0.0107
0.0208
0.8674
0.1190
0.4039
0.2209
1.1771
0.3997
0.7304
0.0478
0.2415
0.5338
0.0478
0.2733
0.8953
1.8036
0.0998
1.1949
0.3170
0.5411
0.5195
1.5648
1.1305
1.7773
0.0267
0.2707
0.2588
1.7683
1.0034
0.2449
0.6543
1.1756
0.3428
0.6032
0.5508
1.8207
0.0461
0.1028
0.3033
0.8278
0.1252
0.1011
0.1987
0.2767
0.0975
0.2353
0.0877
1.3510
1.2838
0.3032
0.4442
0.7908
0.3247
0.5384
0.3698
1.1404
0.8149
0.6177
0.3145
0.1362
1.1408
0.0965
0.3849
0.3297
0.1226
0.8328
0.4488
0.1110
0.0623
1.0400
0.2437
0.0178
0.2888
2.1244
0.0725
0.4904
1.2463
0.3729
0.2776
0.3516
0.4083
0.0743
0.9604
0.8591
0.5104
0.2087
0.1792
0.0561
0.3476
0.7860
0.1596
1.2488
0.7295
0.1341
0.0994
0.4590
0.0948
0.5377
2.1254
1.8178
0.5009
0.6028
0.0647
0.1174
0.6503
0.8726
0.0389
0.5917
0.1427
0.1868
0.4098
0.0791
1.6552
0.4266
0.5507
0.7553
0.1536
0.9676
1.2612
0.7580
0.9213
0.8625
0.4704
1.1488
0.0266
0.0440
0.2204
0.2714
0.0701
0.1042
0.1552
0.1713
1.1908
0.0493
0.4779
0.6338
0.0976
0.5773
0.2987
1.8513
0.2455
0.1998
0.0116
0.6374
0.8023
0.0173
0.3134
0.4782
0.7246
0.1195
0.4562
0.3572
0.1822
0.4688
0.1739
1.9797
0.4700
0.2524
0.1736
0.3505
0.5129
3.2135
1.0859
0.0241
0.3421
0.5158
0.2185
0.2201
0.5365
0.1134
0.4492
0.6364
0.9037
0.2010
0.8313
0.3438
0.3519
0.2955
0.6258
0.1005
0.9060
0.4320
0.0464
0.1733
0.0833
0.4829
0.0958
1.0027
0.4340
0.0010
0.6930
0.8826
0.0185
0.2123
0.1966
0.0254
0.1319
0.0492
0.2183
0.1939
0.8614
0.5616
1.0145
0.0440
0.2330
0.1275
0.2954
0.0828
0.1814
0.2511
1.2020
0.1346
0.3031
0.1613
0.5581
0.3776
0.2793
1.8993
0.0706
0.0887
0.2433
1.0944
0.0083
0.7408
0.2791
0.0773
0.0510
0.0044
0.1327
0.2117
0.0889
0.1244
0.0529
0.0267
0.5584
0.0700
0.0306
0.0395
2.1429
0.7323
0.1110
0.0641
0.4353
0.2918
1.0436
0.7640
0.0895
0.0157
1.5237
0.3108
0.0401
0.2456
0.6496
0.1096
1.2290
0.0645
0.6182
1.5932
0.6851
0.3904
1.1356
0.3032
0.9848
0.0333
0.6175
1.4233
0.2830
0.8812
0.1370
0.0554
0.0090
0.8993
1.8295
0.3664
0.1704
0.2317
0.5098
0.6649
1.1924
0.0054
0.2016
0.3579
1.5282
1.6662
0.4453
0.1291
0.7964
0.0337
0.4070
0.0087
0.9396
0.0949
1.1616
0.5045
0.0295
0.1590
0.5149
0.4693
0.4651
0.0271
0.3857
0.5841
0.5383
0.1401
0.1087
0.0784
0.4880
0.3456
0.4150
1.2906
0.7585
0.0474
1.5147
0.1205
0.6611
0.1239
0.1353
0.2862
0.3962
0.1137
0.2775
0.1115
0.0039
0.2014
0.1172
0.1484
1.1283
0.5520
0.5671
1.7996
0.5729
0.4397
0.9789
0.2246
0.4108
0.1779
0.1174
0.1157
0.1158
0.1176
0.6950
0.1762
0.1051
0.1769
1.9442
0.1932
0.2754
0.2458
0.1218
0.2837
0.4353
0.3878
0.4041
0.0225
1.0024
0.2185
0.0304
0.9299
0.0243
0.3302
0.2336
0.4707
0.1007
0.0600
0.2471
0.8380
1.1597
0.6136
0.0779
0.4213
0.5906
0.7855
0.4365
1.5779
0.0381
0.0347
0.2261
0.1335
0.0308
0.4729
0.2184
2.1702
0.9341
0.3312
1.6201
0.6801
0.0467
0.3297
1.8433
0.0417
0.6330
0.2185
0.0346
0.6996
0.5375
0.1312
0.4570
1.0954
0.2519
0.4343
1.2025
0.7037
0.7284
0.2917
0.6388
0.0904
1.1624
0.1356
0.8985
0.0085
0.6181
1.3788
0.7119
0.0110
0.8513
0.9626
0.2948
0.0799
0.2387
1.0076
0.7150
0.8096
0.5146
0.1956
1.0572
0.1723
0.5925
0.2888
0.1343
0.4458
0.1683
0.2897
0.1093
1.4241
0.0781
0.1512
0.0597
0.2058
0.5652
0.0289
1.1602
0.2429
0.3192
0.1902
0.8625
0.4807
0.3535
1.0279
0.4453
0.7200
0.3161
0.4110
0.3480
0.0023
0.0463
0.9221
0.6232
0.7347
1.1688
0.0772
0.2000
0.0399
0.2127
0.1185
0.3232
1.6637
0.4255
0.1487
2.0060
0.0234
1.3337
0.0964
0.9783
0.6216
0.3240
0.4720
0.1197
0.0057
0.3018
0.0914
0.7046
0.6970
0.0632
0.3725
0.4147
0.9114
0.9592
0.7224
0.1432
0.2471
1.3448
0.5345
0.1074
0.5437
1.0762
0.1282
0.0010
0.1869
0.8890
0.2115
0.9053
0.0098
0.6480
0.5304
0.7536
0.0135
1.0856
0.4408
1.0812
0.4525
0.6515
0.7450
0.0458
1.3500
0.0665
0.4952
0.4520
0.4714
0.1548
0.2174
1.5311
0.0046
0.3055
0.1106
0.2720
0.8567
0.6637
0.1268
0.8268
0.0708
0.6516
0.2114
0.3123
0.0773
0.5386
1.5715
0.3627
0.0081
1.1113
1.2232
0.0371
1.2580
1.3657
0.0733
0.3570
0.7583
0.1864
0.5166
0.3718
0.7659
0.1043
0.1611
0.0365
0.0763
0.1035
1.1211
1.0711
0.0958
0.1560
0.2148
0.6217
0.1292
0.0561
2.0537
1.3714
0.3066
0.9691
1.5579
0.6135
0.0109
0.6328
0.0943
0.1694
0.5823
0.1160
0.0529
0.6551
0.2779
0.3834
0.1451
0.4134
1.9055
0.0057
0.4672
0.4931
1.5768
0.9867
0.7437
0.6697
0.3568
0.2415
0.0830
0.1840
0.0298
0.9055
1.1234
0.4589
0.0888
1.8178
1.3145
0.7319
0.0212
0.4836
0.9350
0.1994
0.7203
0.1179
1.2664
0.1339
0.5357
0.5783
0.0193
0.1117
1.7246
0.5367
0.8812
0.2820
0.1661
0.1438
0.7504
0.2745
0.7280
0.3574
0.4486
1.8550
0.6703
0.8665
0.4788
0.0481
0.4703
0.1121
0.4074
1.1502
0.6556
1.0764
0.1975
0.1597
0.0888
0.0757
0.1488
0.1733
1.2475
0.5700
0.3412
0.1181
0.5804
0.4377
0.8746
0.0372
0.4588
0.0848
0.6867
0.5308
0.0206
0.4750
0.0157
1.0361
0.0207
0.0005
0.4519
0.1943
0.1850
0.1491
1.3594
0.0417
0.2549
0.8787
1.2062
0.3264
0.0314
0.6475
0.0978
1.5463
0.1829
0.3175
0.0105
0.5206
0.1253
0.7399
1.1198
1.2573
0.0255
0.2655
0.2841
0.2829
0.4372
0.1018
0.1362
1.4428
0.2493
0.2047
0.1007
0.3330
1.3156
0.2518
0.4042
0.0363
0.0076
0.8040
0.8081
0.4422
0.7744
0.1280
0.0837
0.0263
0.4340
0.0188
1.2718
0.9332
0.8499
0.6776
0.6548
0.0668
0.2769
1.0721
0.3402
0.0188
0.8120
0.1425
0.2480
1.1916
1.0548
0.8727
0.5059
0.0310
0.1700
0.2528
0.1937
0.2660
0.1122
0.0996
0.0576
0.3641
0.8846
0.2812
0.0341
0.1085
0.0820
0.2501
0.2617
0.2739
1.0368
0.3890
0.2913
0.4869
0.0985
0.3119
0.3366
0.0155
0.1540
0.2236
0.0367
0.1559
0.1368
0.3444
0.0648
0.8071
0.2300
0.4279
0.3914
0.2817
0.1349
0.2403
0.9444
0.3197
0.8850
0.5400
0.1106
0.7573
0.0462
0.4388
0.4540
0.1601
1.4928
0.6879
0.3881
0.0669
0.2705
0.0433
1.1101
0.1477
0.5863
0.4698
0.1550
0.1849
1.0252
0.2665
0.6157
0.6869
0.1815
0.7467
1.3655
0.1303
0.0297
0.9327
1.4339
1.3769
0.4422
0.7338
0.1395
1.9943
0.0616
0.5766
0.3592
0.4349
0.7055
0.3201
1.4344
0.0689
1.1845
0.5976
0.0381
0.9072
1.5631
0.4737
0.2332
0.0511
0.8785
0.5429
0.2334
0.1226
0.2445
0.2342
0.4816
0.5931
0.1480
0.0232
0.1246
0.5601
0.0293
0.0763
0.1774
0.7039
0.4777
0.8065
0.0443
0.8121
0.0893
0.2223
1.8683
1.2028
0.0334
0.1762
0.1908
0.0991
0.0502
0.3663
0.1058
0.3258
0.8493
0.2292
3.7007
0.8402
0.0326
0.1631
0.0644
0.3401
0.0420
0.3339
0.2684
0.6564
0.2160
0.5880
1.0145
0.9142
0.4890
0.0369
0.0812
0.5719
0.1098
0.4321
0.2305
0.3734
1.7343
1.1649
0.8325
1.7651
0.1773
0.0058
1.3120
0.0430
0.1151
0.5744
0.2362
0.2702
1.3843
1.3093
0.2361
0.0387
0.2857
0.6141
0.0923
0.2856
0.6672
1.0057
0.9947
0.6975
0.9022
0.5466
0.2992
0.1365
0.0200
0.9053
0.1503
0.8488
0.2168
0.4177
0.5221
0.0980
1.2086
0.1789
0.1095
0.1907
0.0075
0.7871
0.1114
0.1068
0.7332
0.1715
0.6453
0.5506
1.0653
0.1593
0.0139
0.2514
0.5088
0.5155
0.4574
0.7899
0.4575
0.7623
0.5033
0.7561
0.0141
0.2294
0.1056
0.2574
0.4612
0.2319
0.8836
0.0260
0.2853
0.0699
0.0091
0.2340
1.2810
1.2226
0.0369
0.4369
0.3224
1.0170
1.2195
0.1667
0.5044
0.7638
0.2944
0.3473
0.5062
0.3796
0.8048
0.0236
1.2777
0.5323
0.1490
1.0970
0.5350
1.4055
0.0589
0.5765
0.7259
0.2826
0.1511
0.0636
0.3762
0.7469
0.8512
0.1270
0.1530
0.1725
0.3453
0.1887
0.0684
0.5957
0.0486
0.6269
0.4230
1.0118
0.7598
1.2830
0.3153
0.4246
0.4510
0.2317
0.3139
0.3953
0.7587
0.2830
0.4311
0.9497
0.2369
0.9335
0.3920
1.1209
0.7041
0.1091
0.0038
0.0212
0.2792
0.4862
0.0141
0.1158
1.1349
0.2508
1.5610
0.2040
0.8664
0.3821
0.1226
0.1046
0.1795
0.0609
0.0124
0.2047
0.3643
0.2657
0.3991
0.6935
0.4234
0.4087
0.4541
1.3209
0.6953
0.9483
0.1734
1.3611
0.0164
0.2338
0.9227
0.1546
0.0455
0.0532
0.9907
1.7232
0.4405
0.0591
0.2110
1.0631
0.0361
0.0512
0.7155
0.2885
0.0984
0.8280
0.2200
1.2991
0.3579
0.4523
0.0801
0.4481
1.1657
0.5953
0.5654
0.3837
0.2560
0.2927
0.0144
0.7167
0.6303
0.0132
0.0868
0.1906
0.2899
1.8866
0.0360
1.2442
0.7860
0.0177
0.8986
1.6021
0.1137
0.3881
0.0221
0.2082
0.3372
0.0107
0.5507
1.8526
1.2854
0.0675
1.1120
0.2796
1.5562
0.4050
1.3949
0.4140
1.1536
0.0823
0.2720
0.4772
0.2075
0.8281
0.1393
0.4511
0.3858
0.2132
0.4697
0.2771
0.5249
0.0076
0.0658
0.6521
0.0010
0.7547
0.4135
0.5257
0.1254
0.0241
0.1935
0.5257
0.3552
2.4625
0.0356
0.5212
0.8449
0.0682
0.5341
0.2844
0.1314
0.1666
0.7882
0.7250
0.2073
0.5390
0.3806
0.0147
0.9087
0.0470
0.0507
1.1382
0.1102
0.1022
0.0338
1.0480
0.5237
0.3599
0.3210
0.0840
0.1529
0.3120
0.8968
0.5216
0.2781
1.6548
0.4866
0.5517
0.3222
0.5785
0.1523
0.0540
0.7566
1.3118
0.0708
0.3617
0.0308
0.7939
0.4900
0.0433
0.1135
0.9964
0.8134
0.7290
0.2401
1.5768
0.5546
0.4900
0.6641
0.1256
0.4425
0.5548
0.2660
0.0704
1.0602
0.1081
0.1401
0.4440
0.0824
1.4178
0.8945
0.7647
0.2117
0.0280
0.2074
1.5410
0.0388
0.1094
0.6950
0.6298
0.1578
0.6928
1.1712
0.0583
0.5362
0.3480
0.0269
0.0136
0.0550
0.6414
0.1479
0.0913
0.2313
0.0238
0.2331
0.1042
0.1714
0.0257
1.3657
0.1111
1.2294
1.4818
0.5922
0.1479
0.5231
0.1831
0.0582
0.0076
1.2417
0.0962
0.4214
0.1128
0.2385
0.4039
0.4788
0.0260
0.1398
0.4545
1.7368
0.2305
0.5854
0.3023
0.4768
0.2470
1.4624
0.0893
0.6991
0.0287
0.0261
0.3511
1.0481
1.1936
0.8626
0.1130
0.7342
0.1244
0.0383
0.2615
0.5962
0.3918
0.4694
0.9351
0.4316
0.1890
0.0077
0.4013
0.2742
0.5836
0.8104
0.4371
0.7936
0.1386
1.1824
0.4988
0.4835
0.6261
0.0497
1.3489
0.0361
0.2871
0.1818
0.2387
0.9707
0.4695
0.2924
0.1420
0.5654
0.0381
0.5654
0.2859
0.0591
0.6983
0.7126
0.5057
0.6852
0.2533
0.2550
0.2003
0.8314
0.8269
0.1304
0.0093
0.0541
0.1011
0.2452
0.4586
0.3332
0.6829
0.1445
0.1758
0.6829
0.1890
0.2163
0.0142
0.0335
1.8826
0.0010
0.5375
1.4095
0.3413
0.5577
0.0010
0.7409
0.5088
0.5002
0.0022
1.4794
0.0387
1.1996
0.0036
0.5629
1.8670
0.0410
0.3415
0.2284
0.0061
1.3010
0.1355
0.9041
1.0114
0.3542
0.1299
0.0565
1.5467
0.5181
0.2031
0.0525
0.3156
0.2397
0.0222
2.2528
0.2937
0.2794
0.1430
0.3516
1.9014
0.0797
0.2898
1.6916
0.1446
0.0405
0.1326
0.1920
0.3861
0.4093
0.5036
1.7741
0.8862
0.3159
1.4934
0.5957
0.1439
0.4742
0.6639
0.2473
1.1636
0.8007
0.6229
1.6836
0.1929
0.0619
0.0200
0.0867
0.0893
0.3180
0.9442
0.3871
0.1987
1.0644
0.3111
0.3343
0.0608
0.4521
0.1043
0.2966
0.4870
0.3837
0.0479
0.1149
0.0095
0.0632
0.5632
0.3472
0.9178
1.7657
0.9524
0.6657
2.1212
0.4322
0.0582
0.0377
0.4013
0.2575
0.1894
0.5915
0.0963
0.3284
0.0031
0.3582
0.0144
0.0342
0.4927
0.0564
0.0709
0.1833
0.4399
0.0960
0.0748
0.3786
0.3988
0.1537
0.1385
0.0738
1.0856
0.0469
0.2299
0.5145
0.5179
0.1060
0.1876
1.2048
0.0023
0.1357
1.6523
0.0466
0.4245
0.6751
0.1666
0.1776
0.3052
0.3136
0.1112
0.4477
0.3601
0.1955
0.0277
0.1214
0.5500
0.0105
0.7529
0.6410
0.6464
0.1445
0.2933
1.4052
0.4353
0.6177
0.2119
0.2118
0.1214
0.6170
0.1601
1.0320
0.2597
0.5754
0.0730
0.5723
0.3899
0.2198
0.4254
1.2470
0.3151
0.9536
0.6785
0.0012
0.6693
0.3936
1.2025
0.3264
0.1172
1.2115
0.0061
1.4464
0.2282
0.0946
0.9497
0.0522
0.1743
0.0062
0.0326
0.3010
0.5902
0.0808
0.3884
0.6087
0.9552
0.0201
0.2827
0.2101
2.1418
0.3461
0.2644
0.3342
0.9049
0.3713
0.2083
0.3468
1.4564
0.0434
0.0059
0.2665
0.3631
0.0985
0.0492
0.5819
0.1445
1.4323
1.7309
0.2109
0.0464
0.0296
0.4523
2.4646
0.1360
0.1627
0.0329
0.7943
0.2695
0.2083
2.6705
1.1128
0.6028
0.0203
0.2935
0.1899
1.1154
0.6847
0.3063
1.4278
0.8413
0.0857
1.5275
0.3345
0.2780
0.4125
0.0297
0.0519
0.1047
0.2419
0.4421
0.4099
0.4099
0.1856
0.7963
0.5289
0.0226
0.7277
0.0409
0.5979
0.6053
0.0147
0.6952
0.8125
0.3565
0.6930
0.4609
1.0052
0.3434
0.1020
0.2077
0.9266
0.0263
1.1185
0.4675
0.2006
0.1840
0.1146
0.6355
1.9578
0.0108
0.1248
0.7456
0.7725
0.8943
0.5125
0.1805
0.7444
0.2039
0.1081
0.0522
0.0608
0.9222
1.5208
0.2601
0.1162
0.1579
0.1856
0.0500
0.7077
0.0210
1.2321
0.0065
0.2331
0.2527
0.1940
0.0701
0.6449
0.0310
0.5383
0.5636
0.7841
0.4843
0.0460
1.0743
0.1263
0.4175
0.1992
0.3796
0.2198
0.2273
0.0233
1.2755
1.1949
0.3483
0.2267
0.2957
1.1149
1.0259
0.1829
0.2677
0.7239
0.2973
0.2704
0.1675
0.2208
0.4854
0.2395
1.6082
0.4709
0.0606
1.0690
0.1825
0.5228
1.1033
0.3712
0.3930
0.1259
1.4806
0.0288
0.5723
0.0264
0.2740
0.6204
0.4895
0.0509
1.0518
1.3041
0.0767
0.1796
0.1313
0.1315
0.2025
0.8607
0.0948
0.4334
0.6826
0.1637
0.3740
1.2274
0.8374
0.0431
0.2829
0.1352
0.7302
0.1948
0.7231
1.8409
0.5562
0.1749
0.6005
1.2237
0.6584
0.0945
0.8634
0.3343
0.4160
0.9621
0.5995
0.6091
0.3918
0.3831
0.1782
0.3302
1.1744
0.0071
0.1117
0.5926
0.7201
0.1628
1.4638
0.5580
0.5830
0.2509
0.3540
0.3403
0.0015
0.1385
0.1181
0.7851
0.3068
0.0566
0.0362
0.2533
0.2934
0.5779
1.2326
0.4326
0.2418
0.3569
0.1257
0.0939
0.3276
0.2145
0.0307
0.2291
0.3120
0.4435
0.0243
0.3089
0.3382
0.0804
0.6832
0.1869
1.0108
1.5420
0.2268
0.8808
0.6607
0.3372
0.1273
0.1331
0.2408
0.3277
0.9261
0.2643
0.2229
0.1202
0.0420
0.0498
0.0006
0.4016
0.1370
0.1156
0.4185
0.0843
0.3703
0.0501
0.4952
1.4385
0.7189
2.1065
0.9938
0.2095
0.8519
0.2517
1.2151
0.1976
0.4104
0.8654
0.3096
0.8278
0.9048
0.3119
0.1111
0.2513
0.2021
0.1516
0.8116
0.0189
0.6553
0.0261
0.4844
0.4869
0.0374
0.0500
0.1091
0.0114
0.6639
0.7656
0.1750
0.5079
1.2946
0.7551
0.4475
1.7039
0.0486
0.2488
0.5463
0.1320
0.0994
0.3138
0.3200
0.4508
0.0553
0.4037
1.4777
2.0973
0.2414
0.5476
1.0512
0.0479
0.1832
0.2304
0.6456
0.3671
0.4246
0.3765
0.3915
0.5634
0.7353
0.3050
0.5155
0.2421
0.5179
0.7156
0.0945
0.7716
0.3743
0.5648
0.1437
0.3974
0.9289
0.0829
0.8921
1.1447
0.0645
0.3269
1.4777
0.3901
0.2316
0.6808
0.3184
1.7285
0.1670
1.0532
0.0416
0.1120
0.0664
0.4660
0.4151
0.3431
0.6654
0.0225
0.0714
0.0260
0.4161
0.1473
1.0686
0.1247
0.0586
0.3790
0.0379
0.1846
0.6034
0.5758
0.2444
0.2829
0.0038
0.0669
0.8048
0.3595
0.1137
0.0121
0.1435
1.2428
0.0912
0.1875
0.6560
0.7475
0.5161
0.8877
2.8484
0.3687
0.7335
0.2405
0.3522
0.5459
0.9741
2.4339
0.7541
0.2126
0.9984
0.0774
0.8605
0.6067
0.2826
0.1551
0.7232
0.4102
1.2513
0.1635
0.2442
0.3485
0.1924
0.2899
0.5418
0.9182
0.3384
0.1880
0.0027
0.3597
0.4300
0.0598
0.2230
0.2942
0.0206
0.1196
0.7661
0.2610
0.1288
0.0580
0.6042
1.1325
0.9161
0.4668
0.3099
0.0399
0.1431
0.3615
0.2353
0.1808
0.0190
0.5063
1.0208
0.1569
0.5842
0.2015
1.3848
0.1790
0.8756
0.2787
0.3590
0.9056
1.1583
0.7328
1.5331
0.4784
0.6916
0.1026
0.1587
0.4780
1.2015
0.0813
0.1576
0.1498
0.0644
1.2765
0.1405
1.3478
1.1301
0.2969
0.2635
0.2085
0.4352
0.8058
0.5955
0.6566
0.8395
0.2950
0.0458
0.3617
0.7344
0.0571
0.0762
0.1978
0.0676
0.3698
0.9789
0.0210
0.0682
0.9646
0.4046
0.7702
0.5566
0.0326
1.0912
0.3267
0.8620
2.7137
0.6028
1.3201
0.5202
0.3384
0.9143
0.0034
0.7976
0.1629
0.4458
1.6048
0.6454
1.3625
1.1736
0.2197
1.5176
0.6275
0.0330
0.6366
0.1729
0.3494
1.3949
0.2412
0.2883
0.5726
0.3455
0.4192
0.8331
0.1145
0.6639
0.1506
0.0460
0.5108
0.5114
1.0598
0.1840
0.3262
0.2703
0.1722
1.6573
0.3308
0.4092
0.1016
2.1881
0.2206
1.6280
0.2173
0.0174
0.3608
0.6584
1.2008
1.7636
0.1403
0.9054
1.6003
1.8557
0.0174
0.1452
0.7306
0.0857
0.2052
0.7517
1.5815
0.0509
0.4271
0.0859
0.7077
0.1219
0.5226
0.5681
0.9202
0.2477
0.6710
1.1086
0.7777
0.5949
0.5663
0.4753
0.5883
0.6175
0.5658
1.0584
1.4401
0.1532
0.5854
1.8993
0.6846
0.0336
0.1025
0.1394
0.2156
0.0372
0.4932
0.7147
0.4414
0.0290
0.2758
0.4928
0.5818
0.1376
0.5167
1.3979
1.6036
0.2716
0.1567
0.0849
0.1897
0.3233
0.1566
2.8218
0.1210
0.6033
0.1667
0.3684
0.0146
0.8213
0.1032
0.4199
0.2335
0.0326
0.1896
0.1008
0.2843
0.2947
0.5258
0.1181
0.8474
0.1156
0.6369
0.6070
1.5484
0.7576
0.3645
0.1745
0.4650
0.2735
0.1166
0.1148
0.3101
0.3329
1.1904
0.0140
0.2730
0.7224
0.1906
1.5354
0.3729
0.7209
0.3353
0.4530
0.0690
0.2215
0.3574
0.0318
0.1740
0.6044
0.2454
0.2854
1.8260
0.8501
1.1559
0.1951
3.1859
0.7267
0.6473
0.4890
0.2508
0.8071
0.4519
0.0931
0.0426
0.2676
0.7518
0.2599
0.3113
0.5788
0.5520
0.7005
1.5208
0.8903
0.7066
0.8841
1.5680
0.2298
0.7206
0.0830
0.2253
0.7908
0.1280
0.3705
0.0215
0.1062
0.1856
0.6107
0.2673
0.5403
0.0713
0.4416
0.4559
2.4646
0.2353
0.3116
0.1019
0.3279
0.3168
0.4702
0.0836
0.1664
0.0727
0.7573
2.0311
0.1360
0.4073
0.8540
0.3044
0.3942
1.7908
0.0053
0.1297
0.1177
1.5830
0.2123
0.5386
0.5419
0.1102
0.2142
1.5443
0.3052
0.0039
0.4878
0.0782
0.3107
0.2565
0.7603
1.3793
0.2873
1.9295
1.1568
1.6021
0.2596
0.2730
0.0949
0.2967
0.6788
0.9945
1.1284
1.0742
0.2314
1.4241
0.3172
0.5044
1.6701
0.7643
0.4042
0.0646
0.4492
0.6381
0.0171
0.3751
0.5693
0.0137
1.5541
0.4818
0.6162
0.2815
0.0519
0.5406
0.4162
0.6171
0.1945
0.0015
1.3422
0.0722
0.2179
0.2025
0.5043
0.0276
0.0941
0.0818
0.2203
0.2424
0.5203
0.3308
0.4666
0.1838
0.4357
0.2381
0.2394
1.4217
0.8635
0.1107
0.2430
0.1593
0.4417
0.1503
0.1493
0.0682
0.5582
0.9031
0.5677
0.3158
0.5961
0.0331
0.7450
0.7858
0.0118
0.7619
0.6687
1.2285
0.3899
0.8780
0.0243
1.2387
1.4027
0.8902
0.1214
0.3916
0.5131
0.0204
0.3005
0.8848
0.0295
0.1042
0.0871
0.1330
0.1793
1.6762
0.5571
0.0323
0.0211
0.0507
0.0656
0.3193
0.4952
0.4322
1.0449
0.8475
0.0914
0.0493
0.2572
0.5060
0.5696
0.0739
0.0096
0.0316
0.0136
1.1068
0.2570
1.1921
0.6543
0.2299
0.1538
0.1502
0.2257
1.0337
0.0654
0.8153
0.5469
0.1695
0.3888
0.6239
0.0126
0.1334
0.7439
0.2088
0.3510
0.5092
0.1182
0.3830
0.0252
0.6430
0.3599
0.8526
0.0221
1.6388
1.0510
0.1437
1.0166
0.0158
0.1836
0.1283
0.4875
0.1676
0.1849
0.0066
0.5185
0.7756
1.2834
0.1682
0.0126
0.2869
0.3333
0.3093
0.6430
0.1093
0.0202
0.0550
0.3381
2.4625
0.7631
0.1011
0.1215
0.1663
0.3326
0.3115
1.0163
0.9141
0.1518
0.8516
0.6147
0.7537
0.4645
0.6535
1.0533
0.2271
0.0558
0.7530
0.0476
0.4858
0.6780
0.2432
0.3554
0.1626
0.0892
0.4545
0.3669
0.0454
0.9766
0.1079
0.3860
0.0230
0.4957
1.1569
0.3409
0.3878
0.1552
2.0446
0.0968
1.6364
0.9170
0.0040
0.0336
0.8427
0.3460
0.0276
0.9030
0.9224
0.1153
0.0804
0.0915
0.1242
0.1728
0.1219
0.0134
0.2018
0.1478
0.1898
0.0401
0.0905
0.6016
0.3001
0.2340
0.9701
0.8489
0.6667
2.5110
0.2704
0.2032
0.1076
0.7226
0.0995
0.1881
1.7285
0.6840
1.9000
0.6473
0.1391
0.4775
0.4638
0.1077
0.4899
0.4892
0.4402
0.8467
0.1776
0.1561
0.7534
0.3272
0.6356
0.2074
0.9447
0.4169
0.0651
0.3564
0.0776
0.2950
0.5140
0.0544
3.0202
0.5953
0.1910
0.1211
0.0003
0.2666
0.7024
0.8977
0.1518
0.4011
0.6851
0.0630
0.1102
0.5751
0.4744
0.3384
1.0454
0.0465
0.4094
0.6124
0.2993
0.4382
0.8463
0.3810
0.6176
2.2181
0.9795
0.1361
0.1648
0.5179
0.3255
0.3409
0.3627
1.1192
2.0736
1.1089
0.4394
1.1638
0.1983
0.5971
0.8521
0.7449
0.2714
0.0143
0.8667
0.1933
0.2774
0.0428
0.2618
0.2692
0.1993
0.4502
0.9128
0.2114
0.3665
0.0903
0.3226
0.0158
0.6382
0.5009
0.1760
0.4299
0.0053
0.0636
0.2273
3.0332
0.1301
1.3749
0.6963
0.4282
0.4042
2.0232
1.5292
0.6436
0.3707
0.8267
0.2067
0.7624
0.1661
2.2194
0.5249
0.5048
0.2129
1.6735
0.0473
0.4258
0.5262
0.0121
0.0165
0.1709
0.0950
0.3971
1.0498
0.2838
1.2096
0.1194
0.0499
0.4729
0.3405
0.1608
1.8639
0.1487
0.1174
0.4828
0.0696
0.1508
0.6515
0.6106
0.1491
0.7501
0.1846
0.0440
0.1312
0.0612
0.7090
0.5046
0.0039
0.0584
1.3800
0.0984
0.2737
1.1018
0.0452
0.4838
0.2271
0.2884
0.7093
0.1697
0.2640
1.0174
0.4922
0.4761
0.2463
0.8173
1.7859
0.8502
1.7232
0.7477
0.0568
0.6819
0.6949
0.0224
0.3832
0.3729
1.3546
0.7028
0.0599
0.1132
0.0260
0.8807
0.0051
1.9702
0.9170
0.3354
0.6716
0.1546
0.7089
0.9391
0.0184
0.0766
0.0948
0.2863
1.0635
0.2909
0.7523
0.0562
0.2797
0.0355
0.1394
0.1074
0.0764
0.6622
0.5168
0.2183
1.1523
0.6917
0.5979
2.1045
0.2304
0.0226
0.2034
0.4977
0.2642
0.0317
0.5140
0.1613
0.8420
0.5764
0.6191
1.4615
0.0733
0.9560
0.2554
0.3547
1.2474
0.0125
0.4415
0.0421
0.0370
0.0784
1.0912
1.7100
0.6333
0.1529
0.2730
0.3555
0.1422
0.3205
0.4826
0.7316
1.1055
0.1927
0.4973
0.3007
0.4375
0.2040
0.2060
1.7605
0.2576
0.9647
0.3806
0.0273
0.2198
0.7507
0.1549
0.8397
0.8127
0.2681
1.2290
0.5671
0.1779
0.0535
2.2194
0.0434
0.0696
0.6067
0.1237
0.2094
0.1983
0.5964
1.5014
0.4560
0.2955
1.7548
0.2283
0.1497
1.0608
2.6933
0.4492
0.8692
0.0001
0.3866
0.1073
0.3635
1.1399
0.4068
0.0538
0.4724
0.0054
0.2929
0.3648
1.0644
0.2701
0.1591
0.7814
0.0298
0.0398
0.1140
0.8997
0.6337
0.7955
0.6021
0.0525
0.3457
0.1196
0.6311
0.4941
0.0246
0.4099
0.3656
0.1307
0.4831
0.3564
0.1625
0.1886
0.6311
1.0272
0.0594
0.2502
0.5882
0.2716
0.6403
0.8285
0.6048
0.5060
0.1607
0.5933
1.4034
0.5448
0.6008
0.6340
0.3810
0.1224
0.0232
0.4997
0.0136
0.7394
0.0329
0.0836
0.9436
0.7693
0.5423
0.1294
0.5542
0.1372
0.2516
0.0965
0.0339
0.1741
0.5185
0.7666
0.2359
0.1885
0.5181
0.9731
0.1020
0.0386
0.0031
0.1491
0.1838
0.2581
1.1683
1.9266
0.6253
0.0302
0.4284
0.1558
0.1566
0.0599
0.1744
0.2095
0.6364
0.4950
0.3113
0.6401
0.8589
1.1818
2.8960
0.6242
0.0024
0.0451
0.5119
0.0376
0.3645
0.2447
0.2453
0.2442
0.2595
0.7019
0.5182
0.1072
0.1590
0.1200
0.1865
0.2383
0.1229
0.5958
0.2677
1.0800
0.9267
0.4971
0.3223
0.1407
0.7002
0.0338
0.1391
0.0016
0.2967
0.4958
1.7227
0.3656
0.0044
0.0401
0.9928
0.1202
0.3465
0.6657
1.1813
0.7528
0.3170
0.4665
0.5285
0.2307
0.3231
0.2714
0.1115
0.2075
0.0181
0.2651
1.7266
0.3628
1.1510
0.0663
0.3013
0.4249
0.0370
1.9435
0.4592
0.3660
0.3066
1.3814
1.8664
0.9186
0.4369
0.0006
0.2212
0.1927
0.1363
1.0009
1.3839
0.0361
0.3633
0.3149
0.7334
0.8386
0.0479
0.6933
0.4930
1.3812
0.1036
0.2488
1.2852
0.2164
0.0637
0.8125
0.9658
0.5843
0.8775
0.0871
0.2721
1.0328
0.1726
0.7205
0.3169
0.4383
0.1524
0.3457
0.3012
0.5371
0.0993
0.5766
0.0003
1.5453
0.6273
0.0411
0.0093
0.6114
0.8656
0.2109
0.2824
1.1688
0.6453
0.6580
0.1425
0.6672
0.6271
0.1642
0.0482
0.4802
0.1151
0.1799
0.9921
0.8742
1.2503
0.2974
0.5662
0.1845
0.4792
0.0629
0.7059
0.5302
0.1798
0.3577
0.2521
0.7632
0.1539
0.0471
0.6083
0.2431
1.1836
0.6819
0.1333
0.4948
0.6584
0.2820
0.1061
0.0958
0.2797
0.4273
0.2183
0.0176
0.2749
0.0041
0.2342
0.1736
0.9095
0.6705
0.4736
0.1322
0.1392
0.1869
0.0865
1.0850
0.0603
0.0351
0.1146
0.4107
0.2543
0.0285
0.2642
0.2123
0.0572
1.1510
0.2862
0.0851
0.1950
0.2525
0.1667
0.1948
0.3833
0.0600
0.4742
0.1611
0.6478
0.7708
0.5698
0.2138
0.0438
0.7710
0.0335
0.1294
0.7399
0.2896
0.8903
0.0480
0.5321
0.3305
0.1709
1.4925
0.2381
0.2867
0.0026
0.1366
0.6488
0.0912
0.1243
0.1052
0.5157
0.2905
0.2054
2.8133
0.9216
0.6505
0.4860
0.2004
0.2507
0.0255
0.7749
0.1233
0.1242
0.0813
0.4699
0.8728
1.0045
0.7293
0.1283
0.0893
0.3445
0.1742
0.1740
0.1567
0.3464
0.4589
0.5043
1.0239
0.4477
0.1832
0.4004
0.0446
1.0228
0.1660
0.2935
0.0910
0.5765
0.5350
1.2339
0.9346
0.6676
0.0640
2.1076
0.1714
0.2084
0.7940
0.4585
0.1180
0.1218
0.3149
0.0401
0.0818
0.6831
0.2907
0.5152
0.3404
0.0454
0.8616
0.6547
0.1147
0.0325
0.3349
0.0953
0.9738
0.1196
0.3964
1.9442
1.6097
1.3426
0.3945
0.8280
0.0668
0.0499
0.1268
0.9234
0.0549
0.0379
0.0494
0.0954
0.1272
0.3963
0.4807
0.2542
0.1499
0.0153
0.1586
0.3919
0.1471
0.3432
0.1636
3.8123
0.2235
0.0166
0.1681
0.4769
0.0968
1.1989
0.7280
0.4566
0.5403
2.0584
0.2943
0.2555
0.0680
0.9193
0.3410
0.1176
0.2212
0.4264
0.8655
0.1418
0.2284
0.4762
0.1135
0.3339
0.9468
0.3659
0.3894
2.0145
0.9147
0.0623
0.0307
0.2857
0.4748
1.2890
0.5687
0.1005
0.2292
0.1310
0.2378
0.1362
0.6151
0.7370
0.8350
0.4179
0.3153
0.2377
1.7625
0.1238
1.1750
0.3796
0.0907
0.3652
0.7830
0.1136
0.0608
1.2629
0.2899
1.1919
0.2629
0.6518
0.1062
0.2291
0.0844
0.1854
0.2510
0.5879
0.0292
1.6753
0.2681
0.3262
0.6481
0.0620
0.5981
0.7049
0.3565
1.7146
0.2710
0.0766
0.4557
0.1675
0.7038
0.0916
0.6249
0.3152
0.1846
0.0709
0.0807
0.4059
0.6099
0.2762
0.2919
0.2018
1.2060
0.5994
0.3127
0.0975
0.1736
0.8583
0.1184
0.8966
1.5736
2.2168
0.0314
0.6597
0.2409
1.3408
0.8277
0.0226
1.1888
0.4556
0.1298
0.0530
0.0393
0.1316
0.3095
0.2200
0.2441
0.1437
0.0050
0.3826
0.3212
0.8801
0.4756
0.0666
0.1456
0.4474
0.7888
1.0309
0.0275
0.1984
0.2086
0.2895
0.1703
0.0650
0.3864
1.0091
0.5547
0.8655
0.2432
0.0092
0.3653
0.1396
0.4845
0.5142
0.1043
0.0032
0.8383
0.1277
0.0797
0.2866
0.1833
0.1626
0.6626
0.2626
0.1802
0.1232
0.0698
0.4096
0.9560
0.3595
0.4289
0.7162
0.0274
0.1216
0.2244
0.1617
0.1251
0.4356
0.4920
0.3325
0.1933
1.1159
0.3390
0.4674
0.2880
0.0917
0.4243
0.1828
0.4296
1.1488
0.2322
0.4618
0.4059
0.3336
0.4951
2.2079
0.1743
0.3539
0.0595
0.0791
0.1495
0.3417
1.2461
0.1121
0.2228
0.2362
0.7647
1.0537
0.0413
0.1236
0.3184
0.3538
0.0549
0.3009
0.6471
0.1432
0.1447
0.1205
0.9896
0.3228
1.7095
2.0382
0.3409
0.5895
0.0986
0.0790
